250 
36000000 
24619;0;0;0;21600000;57600000
18458;28;6;1273543;39600000;54000000
8340;27;6;1262339;32400000;57600000
32095;8;2;829715;25200000;39600000
27044;11;3;1040720;28800000;36000000
12912;18;4;1239480;36000000;43200000
23456;34;7;1362333;32400000;50400000
26848;11;3;1168472;28800000;46800000
991;13;3;1457723;36000000;46800000
4328;21;5;640044;46800000;57600000
3455;34;7;1347917;43200000;50400000
12675;37;8;1467399;43200000;50400000
17242;1;1;824989;28800000;46800000
5647;9;2;1644075;36000000;57600000
28214;16;4;1034372;43200000;57600000
17930;38;8;1336099;36000000;43200000
25404;37;8;1291297;21600000;57600000
7994;16;4;863035;32400000;46800000
22188;39;8;2099223;32400000;43200000
25080;19;4;1398949;46800000;57600000
18126;16;4;1018154;21600000;46800000
4861;30;6;921540;36000000;54000000
4908;18;4;1044681;43200000;54000000
27693;22;5;278149;46800000;57600000
5118;35;7;1151662;39600000;46800000
20404;5;1;842841;46800000;54000000
17894;32;7;1626613;46800000;54000000
29012;16;4;1462262;21600000;36000000
24029;11;3;1337077;21600000;43200000
10749;4;1;1122888;25200000;50400000
22893;3;1;913389;21600000;50400000
10655;29;6;968750;25200000;43200000
24354;25;5;1696874;43200000;54000000
31548;14;3;1362258;43200000;57600000
827;33;7;1047201;46800000;54000000
3905;21;5;967147;43200000;57600000
17572;16;4;1266948;46800000;57600000
16406;35;7;947459;25200000;54000000
22057;29;6;1672673;21600000;32400000
1268;8;2;934183;43200000;57600000
2020;24;5;917056;25200000;54000000
18167;24;5;880679;43200000;57600000
25847;12;3;1694840;21600000;32400000
3188;18;4;1246676;43200000;54000000
22913;4;1;1282344;32400000;54000000
28300;36;8;1200478;25200000;36000000
29898;32;7;576700;32400000;54000000
3329;22;5;1390343;39600000;54000000
7105;14;3;1528548;32400000;50400000
29769;5;1;1233722;36000000;46800000
14156;31;7;1159457;21600000;39600000
10721;29;6;1791199;43200000;57600000
27919;32;7;1472548;25200000;32400000
21220;35;7;1472836;39600000;54000000
18175;26;6;1138316;21600000;43200000
10460;7;2;949687;25200000;39600000
17015;2;1;599220;25200000;50400000
12504;2;1;1875192;39600000;46800000
13852;17;4;846658;28800000;54000000
26815;18;4;894630;28800000;57600000
4652;11;3;1534842;36000000;57600000
24291;22;5;479678;28800000;43200000
21684;17;4;1173010;28800000;57600000
26585;31;7;958391;21600000;50400000
3587;31;7;959679;46800000;54000000
26249;9;2;1168222;43200000;54000000
2398;35;7;1448914;39600000;57600000
23169;21;5;1347458;46800000;54000000
28149;14;3;1144369;32400000;39600000
10383;22;5;1635764;43200000;54000000
27670;36;8;1318188;46800000;54000000
20878;1;1;1540056;43200000;50400000
19105;17;4;1063787;36000000;43200000
2944;30;6;1292858;36000000;46800000
26812;7;2;891714;39600000;57600000
28893;13;3;865727;28800000;50400000
1991;29;6;1554704;32400000;50400000
14891;31;7;1130799;43200000;57600000
29075;29;6;1292239;32400000;57600000
13775;33;7;740667;28800000;43200000
20174;7;2;1096385;36000000;57600000
29219;34;7;1368561;36000000;57600000
16834;29;6;1453369;46800000;54000000
19912;32;7;1445825;25200000;57600000
6464;35;7;1614981;21600000;46800000
25150;1;1;1135766;43200000;57600000
12246;31;7;1168422;36000000;46800000
31921;6;2;916684;46800000;57600000
19272;6;2;1230840;32400000;43200000
6422;10;2;1241196;36000000;43200000
4158;15;3;1394386;21600000;50400000
4983;26;6;1547466;21600000;36000000
24123;18;4;926175;46800000;57600000
907;26;6;1113640;32400000;54000000
10190;3;1;1194380;43200000;50400000
30346;28;6;909960;32400000;39600000
6924;21;5;1237470;46800000;57600000
31551;31;7;1172884;46800000;57600000
11837;23;5;745262;39600000;57600000
13407;26;6;959838;36000000;50400000
25814;27;6;1194687;39600000;50400000
25881;38;8;872301;32400000;50400000
24744;20;4;958044;21600000;46800000
11246;32;7;682497;32400000;54000000
4950;22;5;1197533;43200000;57600000
24515;13;3;1284987;32400000;57600000
9228;6;2;1597568;36000000;46800000
17205;4;1;1023911;32400000;43200000
23918;27;6;1074068;21600000;43200000
556;2;1;779908;32400000;46800000
14287;8;2;1224760;39600000;46800000
11699;10;2;1006068;32400000;54000000
21412;10;2;1678437;32400000;46800000
10759;36;8;1472528;39600000;46800000
30776;19;4;1250045;21600000;46800000
17133;24;5;1451508;21600000;46800000
27297;17;4;1653793;39600000;50400000
23113;38;8;1528454;46800000;57600000
12530;29;6;1168153;28800000;43200000
25837;26;6;1463270;28800000;36000000
5554;15;3;984486;36000000;57600000
10671;38;8;1237863;28800000;57600000
32653;36;8;862056;21600000;46800000
30398;18;4;898980;28800000;43200000
29002;7;2;541635;21600000;39600000
16694;19;4;1076365;39600000;50400000
17917;9;2;1008787;39600000;50400000
25329;30;6;1241017;32400000;46800000
32126;22;5;1578023;39600000;46800000
18940;1;1;1109556;21600000;32400000
1057;35;7;1024555;21600000;28800000
12903;5;1;995966;43200000;54000000
24589;10;2;1522276;43200000;57600000
22587;30;6;964752;25200000;54000000
29778;32;7;947577;32400000;50400000
21980;38;8;1349198;32400000;57600000
12550;33;7;883268;39600000;46800000
13246;13;3;1397470;28800000;50400000
14063;14;3;998990;39600000;46800000
4720;31;7;749864;46800000;54000000
29092;31;7;1354323;36000000;50400000
13786;27;6;1289615;25200000;32400000
7407;27;6;1332110;25200000;36000000
21955;39;8;1251022;25200000;46800000
14710;33;7;619827;21600000;39600000
22422;34;7;1203488;43200000;54000000
13466;27;6;1358599;36000000;46800000
21861;1;1;1024561;36000000;57600000
18336;4;1;1005583;21600000;39600000
5678;9;2;1198255;25200000;36000000
21006;9;2;1274685;32400000;46800000
25192;34;7;1333133;21600000;39600000
13144;23;5;1295360;28800000;43200000
10131;18;4;1084298;28800000;46800000
26556;19;4;1380499;32400000;50400000
25254;25;5;1304537;25200000;50400000
27755;17;4;1351294;46800000;57600000
32489;22;5;501310;43200000;50400000
12009;33;7;1246375;43200000;57600000
941;32;7;1339139;43200000;54000000
2998;36;8;926303;28800000;57600000
8455;32;7;1200975;25200000;46800000
8238;34;7;1226683;39600000;54000000
12500;22;5;1142564;36000000;50400000
29614;9;2;1074235;36000000;54000000
18683;36;8;1056522;46800000;54000000
15352;23;5;1547435;25200000;43200000
17138;3;1;1151587;21600000;43200000
16601;2;1;890898;32400000;57600000
23684;2;1;1377112;25200000;50400000
8969;34;7;902541;25200000;43200000
21969;2;1;885399;21600000;50400000
2642;4;1;910542;46800000;54000000
12438;24;5;725807;43200000;57600000
32500;20;4;1040125;46800000;54000000
29870;36;8;1605088;32400000;50400000
29257;37;8;1348410;32400000;46800000
7641;37;8;1738057;21600000;57600000
15013;5;1;807710;28800000;54000000
5821;16;4;1259015;36000000;54000000
1664;8;2;1052719;28800000;43200000
25898;36;8;719176;32400000;46800000
2775;34;7;990008;39600000;57600000
27554;34;7;1575057;32400000;57600000
28879;25;5;975259;46800000;57600000
25625;5;1;1078060;25200000;32400000
18076;23;5;1129054;46800000;54000000
30713;36;8;1376141;36000000;50400000
30625;25;5;1231185;36000000;46800000
6505;2;1;1329348;21600000;46800000
4056;38;8;1317022;28800000;36000000
463;21;5;1349934;46800000;57600000
20085;20;4;1106933;36000000;43200000
31123;2;1;1471109;28800000;54000000
19398;6;2;1230307;36000000;57600000
19751;5;1;1625541;43200000;50400000
13918;29;6;499093;25200000;32400000
4932;7;2;1661746;39600000;50400000
27506;26;6;1285578;25200000;32400000
10358;9;2;930718;25200000;57600000
28291;27;6;1361404;46800000;54000000
986;37;8;827682;25200000;43200000
1085;8;2;1228443;43200000;54000000
18726;27;6;1344436;39600000;46800000
29856;25;5;1094188;46800000;54000000
15339;27;6;1435067;36000000;54000000
14429;39;8;1291845;46800000;57600000
30743;8;2;1320726;25200000;50400000
5507;21;5;972444;39600000;50400000
5054;5;1;1108079;25200000;43200000
28506;6;2;1153214;28800000;57600000
3610;2;1;1439392;21600000;57600000
19855;21;5;1360011;28800000;54000000
12240;38;8;757220;39600000;57600000
24210;10;2;1383448;28800000;57600000
16500;2;1;1219435;32400000;39600000
31037;13;3;1007043;32400000;54000000
13648;19;4;1202279;25200000;54000000
25014;13;3;862970;43200000;54000000
15713;12;3;1148242;36000000;54000000
21910;35;7;860932;21600000;50400000
20131;4;1;1351815;32400000;43200000
9035;38;8;1211148;46800000;54000000
6287;14;3;498706;32400000;43200000
20667;19;4;1221301;39600000;57600000
32737;3;1;1564211;36000000;46800000
5417;5;1;1009822;39600000;57600000
1950;6;2;1644869;36000000;50400000
10845;2;1;1198440;36000000;50400000
19286;32;7;1013343;32400000;43200000
14591;29;6;1443890;32400000;39600000
28326;37;8;1050771;46800000;54000000
25669;23;5;1246806;28800000;39600000
9730;24;5;1130185;25200000;36000000
14542;31;7;1034232;43200000;50400000
15537;8;2;1434981;46800000;57600000
717;12;3;838993;43200000;54000000
15385;5;1;729522;32400000;57600000
20329;13;3;1145180;28800000;57600000
6205;15;3;1696554;36000000;50400000
7524;1;1;515399;39600000;57600000
1412;12;3;729252;32400000;39600000
251;39;8;1042335;39600000;57600000
23484;5;1;779108;25200000;32400000
8991;19;4;940145;21600000;39600000
10846;16;4;1714356;46800000;57600000
9089;13;3;817622;28800000;36000000
25108;38;8;1836256;43200000;57600000
5858;20;4;1404085;36000000;57600000
14200;0;5;0;21600000;57600000
