1 240 1793 5 5 7 7 7 5 4 10 4 7
0 8.681 -10.439 0.0 0.0 0 1000
2 65.991 -49.829 20.0 10.0 396 420 444 468 492 1 26 0 1 0 1 0 0 0 0 0 1
3 -36.938 -36.743 20.0 25.0 176 218.5 261 303.5 346 1 61 0 0 0 0 0 0 0 0 0 0
4 -2.734 18.774 13.0 18.0 212 235 258 281 304 1 99 1 0 0 0 0 0 0 0 0 0
5 31.116 -35.907 13.0 16.0 157 184.2 211.5 238.8 266 1 10 0 0 0 0 1 0 0 0 0 1
6 2.789 8.008 17.0 14.0 345 372.5 400 427.5 455 1 0 0 0 0 1 1 0 0 0 1 0
7 31.152 43.665 24.0 7.0 242 275.2 308.5 341.8 375 1 50 0 0 0 0 1 0 1 1 0 0
8 -36.304 -21.307 15.0 9.0 383 413.8 444.5 475.2 506 1 29 0 0 1 0 1 0 1 0 0 0
9 52.814 35.046 12.0 16.0 99 139.5 180 220.5 261 1 97 0 1 0 0 0 0 0 0 0 1
10 11.267 20.66 20.0 24.0 440 478 516 554 592 0 13 0 1 0 0 0 0 0 1 0 0
11 -0.623 23.114 20.0 6.0 213 240.8 268.5 296.2 324 1 38 0 0 0 0 0 0 0 0 1 1
12 43.091 -12.36 3.0 22.0 280 307 334 361 388 0 81 1 0 0 0 0 0 0 0 0 0
13 6.854 19.073 8.0 11.0 343 384.2 425.5 466.8 508 1 21 1 1 0 1 0 0 0 0 0 0
14 -6.848 25.317 16.0 19.0 339 379.2 419.5 459.8 500 1 18 1 0 0 0 0 0 0 0 1 0
15 -27.93 -23.712 20.0 20.0 325 361.5 398 434.5 471 1 52 0 1 0 0 0 0 1 0 0 0
16 33.24 -30.487 21.0 20.0 437 471 505 539 573 1 50 0 0 0 0 0 0 1 0 0 0
17 63.885 -52.881 23.0 16.0 154 192.2 230.5 268.8 307 1 92 0 0 0 0 0 0 0 0 0 0
18 -13.672 -43.945 21.0 5.0 155 183.5 212 240.5 269 1 64 0 0 0 0 1 0 1 0 0 1
19 -0.647 -27.502 3.0 21.0 290 318.8 347.5 376.2 405 1 92 0 0 0 0 1 1 0 1 0 0
20 59.406 -49.261 19.0 19.0 447 480 513 546 579 1 6 0 0 1 0 0 0 1 0 0 0
21 27.167 -5.713 20.0 18.0 370 394.8 419.5 444.2 469 1 87 1 0 0 0 0 0 0 1 0 0
22 70.001 -20.844 7.0 22.0 382 422.8 463.5 504.2 545 1 76 0 0 0 0 0 0 1 0 0 0
23 35.327 -65.167 14.0 19.0 221 244 267 290 313 1 98 0 0 1 0 0 1 0 1 0 0
24 -14.386 -42.236 24.0 15.0 338 374.2 410.5 446.8 483 1 1 1 0 0 0 0 0 1 1 0 0
25 19.366 30.273 3.0 24.0 94 119.8 145.5 171.2 197 1 31 0 0 1 0 0 0 0 0 0 0
26 -39.789 10.101 13.0 20.0 98 121 144 167 190 1 1 1 0 0 0 0 1 0 0 0 0
27 -15.753 -40.204 1.0 17.0 231 259.2 287.5 315.8 344 0 62 0 0 1 0 0 0 0 0 0 0
28 -28.418 -40.503 5.0 20.0 216 249.2 282.5 315.8 349 1 40 0 0 0 0 1 0 0 1 0 0
29 27.081 9.735 2.0 12.0 470 493.2 516.5 539.8 563 1 41 1 0 0 1 0 0 0 0 0 0
30 22.205 -9.216 9.0 23.0 150 187.5 225 262.5 300 1 43 0 0 0 0 0 1 0 0 0 0
31 -0.83 -6.525 18.0 15.0 408 447.2 486.5 525.8 565 1 50 1 0 1 0 0 0 1 1 0 0
32 10.217 75.531 5.0 19.0 276 310.5 345 379.5 414 1 16 0 0 0 0 1 0 0 0 0 0
33 7.446 18.5 12.0 23.0 429 472.5 516 559.5 603 1 23 0 1 0 0 0 0 0 0 0 0
34 48.914 -20.294 11.0 9.0 415 445.8 476.5 507.2 538 1 28 0 1 0 0 0 0 0 0 1 0
35 -18.958 -29.675 17.0 21.0 314 352.8 391.5 430.2 469 1 89 0 1 0 0 1 0 0 0 0 0
36 16.815 -6.659 21.0 17.0 344 380.8 417.5 454.2 491 1 6 1 1 0 0 0 0 0 0 0 0
37 2.509 -30.42 5.0 6.0 367 396.8 426.5 456.2 486 1 64 0 0 0 1 0 1 0 0 1 0
38 15.424 4.913 5.0 10.0 356 392.8 429.5 466.2 503 1 15 0 1 0 0 0 0 0 0 0 0
39 60.315 89.801 7.0 9.0 110 141.5 173 204.5 236 1 85 0 0 0 0 0 0 0 0 0 0
40 40.405 -45.367 24.0 19.0 202 238.2 274.5 310.8 347 1 8 0 0 0 0 1 0 1 1 1 0
41 -26.837 -54.272 1.0 17.0 298 336.2 374.5 412.8 451 1 99 0 0 0 0 0 0 0 0 1 0
42 69.171 72.577 12.0 22.0 376 405 434 463 492 1 18 0 0 0 0 1 0 0 0 0 0
43 -22.815 46.173 6.0 8.0 375 417.2 459.5 501.8 544 1 13 1 0 1 1 1 1 0 0 0 0
44 -14.258 -30.249 5.0 25.0 279 313.2 347.5 381.8 416 1 85 0 0 0 0 1 0 0 0 1 0
45 76.05 12.073 19.0 13.0 70 107.2 144.5 181.8 219 1 83 0 0 0 1 0 0 0 0 0 1
46 63.043 60.022 23.0 1.0 174 202 230 258 286 1 22 0 0 0 0 0 1 0 0 0 0
47 -20.239 -81.97 8.0 15.0 184 215.8 247.5 279.2 311 1 65 1 0 0 0 0 0 0 0 0 0
48 -41.168 -42.023 1.0 16.0 199 222.2 245.5 268.8 292 0 33 0 0 0 1 0 0 0 0 0 0
49 79.199 -29.016 20.0 20.0 354 383.2 412.5 441.8 471 1 64 0 0 0 0 0 0 0 0 0 0
50 -20.728 -7.068 16.0 14.0 414 452.2 490.5 528.8 567 1 53 0 0 0 0 1 1 0 0 0 0
51 -4.163 -53.497 8.0 2.0 178 200.5 223 245.5 268 1 62 0 0 0 0 0 0 0 0 0 0
52 39.594 -40.46 16.0 5.0 202 231 260 289 318 1 64 0 0 0 0 0 0 0 0 0 0
53 -47.125 -77.85 25.0 16.0 233 258.5 284 309.5 335 1 21 0 1 0 0 0 0 0 0 0 0
54 -1.233 49.182 5.0 12.0 132 169.2 206.5 243.8 281 1 2 0 0 0 0 0 0 0 1 0 0
55 -0.372 -27.264 10.0 1.0 125 158.2 191.5 224.8 258 1 37 0 0 0 0 0 0 0 0 1 1
56 31.537 -8.722 24.0 15.0 427 454 481 508 535 1 48 0 0 0 0 0 1 0 0 0 0
57 -0.134 -20.264 16.0 5.0 191 217.5 244 270.5 297 1 4 0 0 0 0 1 0 1 0 0 0
58 66.394 -26.691 7.0 9.0 400 441.8 483.5 525.2 567 1 24 0 0 0 0 0 0 0 0 0 0
59 6.104 -64.093 14.0 8.0 201 241.5 282 322.5 363 1 56 0 1 0 0 1 1 0 0 0 1
60 13.544 -20.874 11.0 2.0 133 177.2 221.5 265.8 310 1 35 0 0 0 0 0 0 0 0 0 0
61 54.211 -6.537 15.0 10.0 429 465.2 501.5 537.8 574 1 18 0 0 0 0 0 0 0 0 1 1
62 22.046 -34.137 23.0 25.0 374 397.5 421 444.5 468 1 6 0 1 0 0 0 0 0 0 0 0
63 -9.723 4.706 5.0 24.0 121 163.8 206.5 249.2 292 1 46 0 1 0 0 0 0 0 0 0 0
64 -11.584 -46.857 16.0 7.0 232 257.2 282.5 307.8 333 1 16 0 1 0 1 0 0 0 0 0 0
65 -2.905 -0.305 13.0 14.0 396 434.2 472.5 510.8 549 1 64 0 0 0 0 0 0 1 1 0 1
66 13.837 -44.452 18.0 3.0 426 463.8 501.5 539.2 577 1 13 0 0 0 1 0 0 0 1 0 0
67 17.48 27.747 14.0 23.0 324 363.8 403.5 443.2 483 1 57 0 0 1 0 1 1 1 0 0 1
68 2.972 -43.689 3.0 21.0 306 347.8 389.5 431.2 473 1 27 0 1 0 1 0 0 0 0 0 0
69 -44.354 -38.202 22.0 13.0 355 379.8 404.5 429.2 454 1 99 0 0 1 0 0 0 0 0 0 1
70 -59.399 1.514 16.0 15.0 192 235.8 279.5 323.2 367 1 17 0 0 0 0 0 0 0 0 0 0
71 -13.452 -75.531 16.0 14.0 153 197.5 242 286.5 331 1 98 0 0 1 1 1 1 0 0 0 0
72 -5.518 -51.947 2.0 7.0 194 234 274 314 354 1 0 0 0 0 0 0 0 1 1 0 0
73 -9.589 -26.88 19.0 20.0 391 427 463 499 535 1 75 0 0 0 0 0 0 1 1 0 0
74 19.318 29.498 23.0 6.0 334 360.8 387.5 414.2 441 1 58 0 0 0 0 0 0 1 0 0 0
75 26.245 36.743 6.0 24.0 196 231.5 267 302.5 338 1 92 0 0 0 0 0 0 0 0 0 0
76 43.707 -28.033 11.0 17.0 268 312.5 357 401.5 446 1 64 0 0 0 0 0 0 1 0 1 0
77 -52.026 -35.339 19.0 3.0 197 222.8 248.5 274.2 300 1 9 0 1 0 0 0 0 0 0 0 1
78 -8.435 -0.116 3.0 15.0 69 106.8 144.5 182.2 220 0 73 0 0 0 0 0 0 0 0 0 0
79 89.111 62.122 14.0 6.0 364 394.5 425 455.5 486 1 9 0 0 0 1 0 0 0 0 0 0
80 6.067 -16.132 14.0 21.0 391 425 459 493 527 1 34 0 0 0 0 0 0 0 0 0 0
81 27.094 -5.103 19.0 25.0 66 95.8 125.5 155.2 185 1 86 0 0 0 0 0 0 0 0 0 1
82 27.527 -15.344 3.0 18.0 84 124.8 165.5 206.2 247 1 14 1 1 0 0 0 0 0 1 0 0
83 42.511 32.056 18.0 1.0 444 477.2 510.5 543.8 577 1 58 0 0 0 0 0 1 1 0 0 1
84 25.311 12.689 24.0 19.0 90 119.8 149.5 179.2 209 1 69 0 0 0 0 1 1 0 0 0 0
85 47.778 -12.769 6.0 17.0 162 188.2 214.5 240.8 267 1 12 0 1 0 0 0 0 0 0 1 0
86 -3.143 -13.837 1.0 20.0 373 410.2 447.5 484.8 522 1 13 1 0 1 0 0 1 1 0 0 0
87 12.482 -78.101 3.0 1.0 171 203.8 236.5 269.2 302 1 1 0 0 0 0 0 0 0 0 0 0
88 -21.039 -3.43 15.0 13.0 351 382 413 444 475 1 99 0 0 1 0 0 0 0 0 0 1
89 -3.149 -55.432 18.0 25.0 142 173 204 235 266 1 99 0 0 0 0 0 0 0 0 0 0
90 53.009 84.9 5.0 16.0 118 159.2 200.5 241.8 283 1 22 0 0 0 0 0 0 0 1 1 0
91 35.638 -47.552 23.0 5.0 98 134.2 170.5 206.8 243 1 90 0 0 0 0 0 0 0 0 0 0
92 43.427 -18.439 10.0 18.0 318 348.2 378.5 408.8 439 1 95 0 0 0 0 0 0 1 0 0 0
93 6.598 -54.578 20.0 17.0 422 464 506 548 590 1 93 0 1 0 0 0 0 0 0 0 0
94 87.952 94.012 11.0 15.0 456 497.5 539 580.5 622 1 63 0 1 0 1 1 0 1 0 1 0
95 39.105 -48.743 16.0 13.0 306 346 386 426 466 1 39 0 0 0 0 0 0 0 0 1 0
96 -48.34 -26.477 15.0 15.0 255 289.5 324 358.5 393 1 65 0 0 0 0 0 0 0 0 0 0
97 72.003 -9.253 19.0 2.0 439 478.2 517.5 556.8 596 1 24 0 0 0 0 0 0 1 0 0 0
98 -37.732 3.351 4.0 1.0 474 512.5 551 589.5 628 1 69 0 1 0 1 0 0 1 0 0 1
99 -65.967 -36.749 14.0 9.0 323 356 389 422 455 1 41 1 0 0 1 0 0 0 0 0 0
100 -16.669 -35.284 23.0 16.0 235 263.5 292 320.5 349 1 54 0 1 1 0 0 1 0 0 0 0
101 10.742 -4.669 11.0 6.0 224 260 296 332 368 1 13 0 0 0 0 0 0 0 0 0 0
102 15.594 -5.817 21.0 18.0 291 314.8 338.5 362.2 386 1 82 0 0 0 0 0 1 0 1 0 0
103 21.606 -18.109 14.0 24.0 250 280 310 340 370 0 57 0 0 0 0 1 0 0 1 1 0
104 9.784 49.28 16.0 24.0 471 507.2 543.5 579.8 616 0 51 1 0 0 1 0 0 0 1 0 0
105 94.147 -4.492 25.0 9.0 246 273.8 301.5 329.2 357 1 7 0 0 0 0 1 0 0 0 0 0
106 10.382 -16.302 17.0 19.0 308 341 374 407 440 1 97 0 0 1 0 0 0 0 0 0 1
107 -1.453 -0.861 16.0 12.0 160 186 212 238 264 1 4 0 0 0 0 0 0 1 0 0 0
108 -6.219 25.305 13.0 22.0 329 362 395 428 461 1 42 1 0 0 0 0 0 0 0 0 0
109 -6.25 10.217 23.0 13.0 356 394.8 433.5 472.2 511 1 69 0 0 1 0 0 0 0 0 0 1
110 -17.444 -70.795 10.0 20.0 410 440.5 471 501.5 532 1 53 0 0 0 0 0 0 0 0 0 0
111 -55.09 -43.854 2.0 25.0 275 319.8 364.5 409.2 454 1 64 1 0 0 0 0 0 0 0 0 0
112 -9.442 23.724 15.0 1.0 233 257.5 282 306.5 331 1 11 0 1 1 0 1 0 0 0 0 0
113 8.978 35.406 14.0 24.0 367 408.8 450.5 492.2 534 1 57 1 0 0 0 0 0 0 0 0 0
114 -16.754 -0.812 22.0 10.0 364 388 412 436 460 1 77 0 1 0 0 0 0 0 1 0 1
115 66.852 -37.842 15.0 22.0 259 301.5 344 386.5 429 1 19 1 0 1 0 1 0 0 0 1 0
116 14.716 -23.724 16.0 14.0 146 188 230 272 314 1 70 0 0 0 0 0 0 0 0 0 0
117 33.472 20.026 12.0 12.0 155 177.5 200 222.5 245 1 94 0 0 0 0 0 1 0 1 1 1
118 66.394 -70.111 14.0 23.0 178 211 244 277 310 1 21 0 0 0 1 1 0 0 0 1 1
119 -5.664 8.881 15.0 14.0 133 174.8 216.5 258.2 300 1 81 0 0 0 1 0 1 0 0 0 1
120 -5.103 -46.729 11.0 23.0 115 152.5 190 227.5 265 1 3 0 0 1 0 0 0 0 0 0 0
121 -8.826 55.743 11.0 25.0 129 156.8 184.5 212.2 240 1 81 0 0 0 0 0 0 0 0 0 1
122 5.847 -3.186 4.0 5.0 399 439.8 480.5 521.2 562 1 53 0 0 1 0 0 0 0 0 0 1
123 -25.726 -37.695 23.0 7.0 303 331.8 360.5 389.2 418 1 50 0 1 0 0 0 0 0 0 1 0
124 -15.363 -24.548 13.0 25.0 330 359.5 389 418.5 448 1 0 0 1 1 1 0 0 0 1 0 0
125 43.793 -11.102 22.0 11.0 394 438.5 483 527.5 572 1 48 0 0 0 0 0 0 0 0 0 1
126 17.664 -25.604 17.0 18.0 259 283.8 308.5 333.2 358 1 51 1 0 0 0 0 0 0 1 0 0
127 -39.624 54.883 2.0 18.0 267 304.5 342 379.5 417 1 89 1 1 0 0 0 0 0 0 1 1
128 -24.554 -43.225 5.0 1.0 297 334.2 371.5 408.8 446 1 35 0 1 0 1 0 0 0 0 1 1
129 -26.892 -12.738 14.0 7.0 269 312.2 355.5 398.8 442 1 36 0 0 1 0 0 0 0 0 0 1
130 34.155 -38.458 1.0 22.0 394 431.8 469.5 507.2 545 1 43 0 0 0 0 0 0 1 0 1 0
131 -47.314 -29.468 13.0 7.0 219 258.8 298.5 338.2 378 1 73 0 0 1 0 0 0 0 0 0 0
132 49.365 -25.592 8.0 3.0 477 519.8 562.5 605.2 648 1 66 0 0 0 0 0 1 0 0 0 0
133 3.705 -16.449 24.0 18.0 289 319.2 349.5 379.8 410 1 25 0 0 0 0 1 0 0 0 0 0
134 22.43 -23.273 12.0 8.0 463 493.2 523.5 553.8 584 1 67 0 0 0 0 0 0 1 0 0 0
135 -37.549 -29.608 23.0 6.0 74 99.2 124.5 149.8 175 1 51 0 0 0 0 1 1 1 0 0 1
136 25.549 3.674 1.0 7.0 92 122.2 152.5 182.8 213 1 56 0 1 0 0 0 0 0 0 0 0
137 -15.216 3.284 2.0 20.0 360 400.8 441.5 482.2 523 0 20 0 0 0 0 0 0 0 1 0 0
138 -12.939 -7.495 8.0 10.0 80 118.5 157 195.5 234 1 97 0 0 0 0 1 0 0 1 0 0
139 -22.107 26.434 18.0 2.0 122 165.5 209 252.5 296 1 85 0 0 0 0 0 0 1 0 0 0
140 -17.944 7.733 14.0 3.0 339 371.5 404 436.5 469 1 62 1 1 0 0 1 1 1 0 1 0
141 -21.234 14.49 23.0 10.0 390 419 448 477 506 1 21 0 0 0 0 0 1 0 0 1 0
142 3.503 -19.708 14.0 5.0 112 135.8 159.5 183.2 207 1 65 0 0 0 0 0 0 1 0 0 0
143 32.599 -14.935 4.0 25.0 374 403.5 433 462.5 492 1 54 0 0 0 0 0 0 0 0 0 1
144 -5.737 -28.296 24.0 23.0 411 441.2 471.5 501.8 532 1 55 0 0 0 1 0 0 0 0 0 0
145 -6.128 -39.624 9.0 21.0 442 476 510 544 578 1 90 0 0 0 0 0 0 0 0 0 0
146 -2.46 12.817 15.0 13.0 144 176 208 240 272 1 15 1 0 0 0 0 1 0 0 0 1
147 -6.47 8.466 10.0 1.0 265 308.5 352 395.5 439 1 94 1 0 0 0 1 0 0 1 0 0
148 -37.891 -36.115 3.0 11.0 190 229 268 307 346 1 95 0 0 1 0 0 0 0 1 1 1
149 10.852 -18.75 12.0 6.0 423 466 509 552 595 1 9 0 0 0 1 0 0 0 0 0 0
150 50.104 8.636 6.0 9.0 91 118.5 146 173.5 201 1 31 0 0 0 0 0 0 0 1 0 0
151 46.844 4.712 1.0 17.0 418 441.8 465.5 489.2 513 1 10 0 0 1 0 0 0 0 1 0 0
152 19.598 -10.406 24.0 13.0 356 379.2 402.5 425.8 449 1 82 1 0 0 0 0 0 0 0 0 0
153 -38.947 52.942 3.0 23.0 127 165.8 204.5 243.2 282 1 86 1 0 0 0 0 0 1 0 0 0
154 -0.641 -21.289 4.0 19.0 79 104 129 154 179 0 49 1 0 0 0 0 1 0 0 0 0
155 40.906 -33.765 7.0 11.0 144 186 228 270 312 1 21 0 0 0 0 1 0 0 1 0 0
156 -0.574 -62.299 21.0 12.0 358 381 404 427 450 1 61 0 0 0 1 0 0 1 1 0 0
157 -9.778 26.794 1.0 18.0 82 118 154 190 226 1 45 0 1 0 0 0 0 1 0 0 0
158 34.265 -23.895 24.0 25.0 273 302.5 332 361.5 391 1 96 1 0 1 0 0 0 0 0 0 1
159 29.572 -24.561 5.0 13.0 357 386 415 444 473 1 93 0 0 1 1 0 0 0 1 1 0
160 16.376 -58.887 23.0 24.0 102 143.5 185 226.5 268 1 14 0 0 0 0 0 1 1 0 0 0
161 61.877 -15.167 5.0 5.0 227 262.5 298 333.5 369 1 63 1 0 0 0 0 0 0 0 0 0
162 40.088 -9.625 17.0 14.0 230 258.8 287.5 316.2 345 1 71 0 0 1 0 1 0 0 0 0 0
163 0.122 -4.645 24.0 18.0 129 154 179 204 229 1 13 0 0 1 1 1 0 1 0 0 0
164 -8.929 -43.903 23.0 25.0 331 360.8 390.5 420.2 450 1 12 0 0 1 0 0 1 0 1 0 0
165 -7.135 -57.434 3.0 11.0 234 264.8 295.5 326.2 357 1 51 0 0 0 0 0 1 0 0 0 0
166 7.55 -21.21 5.0 18.0 306 344.8 383.5 422.2 461 1 50 0 0 1 1 0 0 0 0 0 0
167 3.949 7.3 22.0 23.0 344 376.5 409 441.5 474 1 95 0 0 0 1 0 1 1 0 0 0
168 -15.118 92.023 9.0 22.0 429 467.5 506 544.5 583 1 43 0 0 0 0 0 0 0 1 0 0
169 84.821 -24.518 23.0 20.0 182 206 230 254 278 1 2 0 0 0 1 0 0 0 1 1 1
170 -52.325 30.682 15.0 11.0 61 83.8 106.5 129.2 152 1 99 0 0 0 0 1 0 0 0 0 1
171 7.538 13.818 15.0 11.0 148 186.5 225 263.5 302 1 67 0 1 1 0 0 0 0 1 0 1
172 -21.484 30.359 11.0 19.0 380 420.8 461.5 502.2 543 1 97 1 0 0 0 0 0 0 0 0 0
173 36.047 29.883 20.0 13.0 349 377.2 405.5 433.8 462 1 91 0 1 1 0 1 0 0 1 0 0
174 12.781 -40.942 10.0 24.0 403 426.5 450 473.5 497 1 84 0 0 0 0 0 0 0 0 0 0
175 -17.291 -10.254 24.0 6.0 70 111 152 193 234 1 24 0 0 0 0 0 1 0 0 0 1
176 -10.541 12.402 10.0 5.0 146 178 210 242 274 1 71 1 0 0 1 1 0 0 0 1 0
177 -15.845 -59.46 6.0 24.0 106 137.2 168.5 199.8 231 1 41 0 0 0 1 0 1 0 0 1 0
178 29.266 -2.222 22.0 7.0 205 235 265 295 325 1 58 0 0 0 0 1 1 0 0 1 0
179 -12.598 -58.929 25.0 13.0 476 516.8 557.5 598.2 639 1 92 0 0 0 1 0 0 0 0 0 0
180 -17.303 -35.297 11.0 25.0 254 281.5 309 336.5 364 1 95 0 0 0 1 0 1 0 0 0 1
181 57.05 -50.354 6.0 15.0 123 161 199 237 275 1 35 0 0 0 1 0 0 1 0 0 0
182 26.941 17.444 9.0 15.0 447 482.2 517.5 552.8 588 1 81 0 0 0 0 0 0 1 1 0 1
183 -6.195 -8.881 6.0 16.0 382 425.2 468.5 511.8 555 1 18 0 0 0 0 0 0 0 0 0 0
184 16.98 -16.321 12.0 5.0 240 284.5 329 373.5 418 1 50 1 1 0 0 0 1 1 0 0 0
185 83.71 -32.52 4.0 15.0 318 347.5 377 406.5 436 1 5 0 0 0 0 0 0 1 0 0 0
186 12.451 34.589 24.0 24.0 308 343 378 413 448 1 79 1 0 0 0 0 0 0 0 0 0
187 15.057 67.004 18.0 15.0 423 466.5 510 553.5 597 1 47 1 0 0 0 0 0 0 0 0 0
188 25.818 -5.835 3.0 9.0 382 408.2 434.5 460.8 487 0 47 0 0 1 0 1 0 0 0 0 0
189 13.666 -14.832 18.0 19.0 272 314.5 357 399.5 442 1 23 0 1 0 0 0 0 0 0 0 0
190 48.322 -5.164 17.0 15.0 359 393.2 427.5 461.8 496 1 19 0 0 1 0 0 0 0 0 1 0
191 13.489 19.739 23.0 2.0 299 342.5 386 429.5 473 1 82 1 0 0 1 1 0 1 1 0 0
192 -18.512 65.405 10.0 3.0 463 507.2 551.5 595.8 640 1 7 0 0 1 0 0 1 1 0 0 0
193 17.554 38.379 22.0 18.0 443 478.2 513.5 548.8 584 1 47 0 0 0 0 0 0 0 0 0 0
194 37.775 -16.003 5.0 20.0 238 277 316 355 394 0 98 0 1 0 0 0 1 0 0 0 0
195 47.968 -30.31 16.0 14.0 381 413.2 445.5 477.8 510 1 49 0 0 0 0 0 0 1 0 0 0
196 38.806 36.243 10.0 10.0 142 177.5 213 248.5 284 1 20 0 1 0 0 0 0 0 1 0 0
197 -16.089 -42.841 10.0 6.0 373 400.5 428 455.5 483 1 59 0 0 0 0 0 0 0 0 0 0
198 28.656 -1.99 9.0 17.0 469 504.5 540 575.5 611 1 40 0 0 0 0 1 1 0 0 0 1
199 -5.859 -1.862 5.0 20.0 313 357 401 445 489 0 90 1 0 1 1 0 0 0 1 0 0
200 60.516 63.416 9.0 3.0 123 167.5 212 256.5 301 1 80 0 0 0 0 0 0 0 0 0 1
201 63.196 -47.766 12.0 14.0 209 236.8 264.5 292.2 320 1 48 0 0 0 0 1 0 1 0 0 0
202 -15.308 -23.285 16.0 12.0 456 500 544 588 632 1 86 0 1 0 1 0 0 0 0 1 0
203 -2.875 0.787 8.0 2.0 91 132.2 173.5 214.8 256 1 34 0 1 0 0 0 1 0 0 0 0
204 32.056 -10.175 1.0 11.0 329 352 375 398 421 0 40 0 0 0 0 1 0 0 0 0 0
205 -18.634 -25.665 1.0 16.0 75 109.5 144 178.5 213 0 41 0 0 1 0 0 0 0 1 0 1
206 -3.632 25.433 18.0 18.0 198 223 248 273 298 1 92 0 0 0 0 0 1 0 0 1 0
207 10.48 22.888 22.0 14.0 242 276.2 310.5 344.8 379 1 98 1 0 0 1 1 0 1 0 1 0
208 1.819 -3.009 20.0 6.0 124 167.5 211 254.5 298 1 30 0 0 0 0 0 0 0 0 1 0
209 -25.275 -12.183 4.0 12.0 225 249.2 273.5 297.8 322 1 74 0 0 0 0 0 0 0 0 1 1
210 56.927 -75.507 15.0 21.0 277 316.5 356 395.5 435 1 66 0 0 0 0 0 0 0 0 1 0
211 13.885 -36.23 7.0 1.0 273 300.2 327.5 354.8 382 1 39 0 1 0 1 1 0 0 0 0 0
212 32.52 -29.523 25.0 18.0 162 187.2 212.5 237.8 263 1 96 0 0 0 1 1 0 0 0 0 0
213 4.803 -7.288 3.0 17.0 307 343.5 380 416.5 453 0 34 0 0 0 0 0 0 1 0 0 0
214 11.365 -8.344 22.0 15.0 108 145.2 182.5 219.8 257 1 60 0 1 0 0 0 0 0 0 0 0
215 17.126 -24.646 5.0 4.0 431 472.8 514.5 556.2 598 1 44 0 0 0 0 0 0 0 0 0 1
216 -33.661 -41.241 1.0 18.0 401 434.2 467.5 500.8 534 1 18 0 0 0 0 0 0 0 1 1 0
217 -32.391 -50.885 9.0 22.0 254 298.2 342.5 386.8 431 1 43 0 0 0 0 0 0 0 0 1 0
218 23.041 -14.496 16.0 16.0 342 375.8 409.5 443.2 477 1 11 0 1 0 0 0 0 0 0 0 0
219 -21.857 -39.502 23.0 14.0 468 503.2 538.5 573.8 609 1 79 0 0 0 1 0 0 0 0 0 0
220 32.013 77.332 5.0 25.0 171 214.2 257.5 300.8 344 1 66 0 0 1 0 0 0 0 0 0 0
221 13.831 -76.19 5.0 15.0 282 316.2 350.5 384.8 419 1 62 0 0 0 0 0 1 0 0 0 0
222 -8.051 -21.179 6.0 6.0 170 198 226 254 282 1 68 0 0 0 1 0 0 0 1 0 0
223 25.391 46.613 16.0 7.0 448 477.8 507.5 537.2 567 1 93 0 0 1 0 0 0 1 1 0 0
224 49.536 -54.639 25.0 21.0 283 314 345 376 407 1 84 0 1 0 0 0 1 0 0 0 0
225 63.416 -8.636 1.0 3.0 418 445.8 473.5 501.2 529 1 9 0 0 1 0 0 0 0 0 1 0
226 2.301 -5.536 25.0 15.0 464 503.2 542.5 581.8 621 1 44 1 0 0 0 0 0 0 0 0 0
227 52.423 29.895 17.0 24.0 251 278 305 332 359 1 61 0 0 0 0 1 0 0 0 0 0
228 9.296 -16.254 11.0 2.0 468 495.2 522.5 549.8 577 1 82 0 0 1 0 0 0 0 0 0 0
229 34.845 -96.185 24.0 17.0 390 433.2 476.5 519.8 563 1 90 0 0 0 1 0 1 0 1 1 1
230 -21.063 -41.498 10.0 2.0 132 172.8 213.5 254.2 295 1 2 0 0 0 0 1 0 0 0 0 0
231 28.448 10.242 12.0 25.0 282 322 362 402 442 1 91 0 0 0 0 1 1 0 0 0 0
232 16.254 -22.583 17.0 15.0 123 164.8 206.5 248.2 290 1 92 0 1 0 0 0 0 0 1 1 1
233 -36.639 -34.033 18.0 3.0 310 332.8 355.5 378.2 401 1 99 0 0 1 0 1 0 0 0 0 0
234 -27.356 -50.177 5.0 1.0 416 452.2 488.5 524.8 561 1 59 0 0 0 0 0 0 0 0 0 0
235 -53.705 11.334 16.0 1.0 438 463 488 513 538 1 70 0 0 0 1 0 0 0 0 0 0
236 26.276 -5.994 9.0 20.0 268 312.8 357.5 402.2 447 0 88 0 0 0 1 0 0 0 0 0 1
237 -31.519 34.589 6.0 19.0 461 495.8 530.5 565.2 600 1 46 1 1 0 0 0 0 0 0 0 0
238 -14.612 -31.506 1.0 2.0 305 338.8 372.5 406.2 440 1 64 0 0 0 0 0 1 0 1 0 0
239 -4.242 -30.865 4.0 9.0 298 341.2 384.5 427.8 471 1 94 0 1 0 1 1 0 1 0 1 0
240 -18.524 -29.486 20.0 4.0 404 448.5 493 537.5 582 1 72 0 0 1 0 0 0 0 0 1 0
241 -17.133 -19.397 19.0 16.0 194 231.8 269.5 307.2 345 1 24 1 0 0 0 0 1 0 1 1 0
