1 192 898 6 5 4 3 10 7 3 5 7 2
0 -12.284 9.158 0.0 0.0 0 1000
2 -44.629 -55.64 6.0 11.0 394 421.2 448.5 475.8 503 1 44 0 0 0 0 0 1 0 0 0 0
3 36.096 64.935 16.0 11.0 243 270.8 298.5 326.2 354 1 34 0 1 0 0 0 0 0 0 0 0
4 -25.47 44.58 7.0 23.0 123 154.5 186 217.5 249 1 81 0 0 0 0 1 0 0 0 0 0
5 -33.954 -73.059 20.0 16.0 104 134.2 164.5 194.8 225 1 17 0 0 0 0 1 0 0 0 0 0
6 45.654 35.73 7.0 16.0 467 504.2 541.5 578.8 616 1 11 1 0 0 1 0 0 0 0 0 0
7 14.954 -36.719 8.0 2.0 198 229.5 261 292.5 324 1 15 0 1 0 0 0 0 0 0 0 0
8 -1.477 47.205 4.0 1.0 240 276.5 313 349.5 386 1 90 0 0 1 0 1 1 0 1 0 0
9 2.155 -40.912 23.0 25.0 193 237 281 325 369 0 35 0 0 0 0 1 1 0 1 0 0
10 22.992 1.398 4.0 24.0 312 344.5 377 409.5 442 0 32 0 0 1 0 0 0 0 0 0 0
11 -28.857 5.957 5.0 14.0 130 160 190 220 250 1 92 0 0 0 0 0 0 0 0 1 0
12 -48.12 94.116 15.0 6.0 313 349 385 421 457 1 35 0 1 0 0 0 1 1 0 0 0
13 7.239 17.322 12.0 20.0 189 217 245 273 301 1 71 0 0 0 0 0 0 0 0 0 0
14 4.614 27.051 12.0 10.0 308 332.8 357.5 382.2 407 1 99 0 0 0 0 0 0 0 0 0 0
15 -13.971 28.198 18.0 11.0 380 402.8 425.5 448.2 471 1 88 0 1 0 0 0 0 0 1 0 0
16 12.946 -11.688 19.0 2.0 472 504 536 568 600 1 39 0 0 0 0 0 0 0 0 0 0
17 -36.67 23.102 17.0 22.0 227 263.5 300 336.5 373 1 8 1 1 0 1 0 1 0 1 0 0
18 -4.224 -49.31 2.0 2.0 360 388 416 444 472 1 41 0 0 1 0 1 0 0 0 0 0
19 1.093 -7.135 15.0 12.0 343 372.8 402.5 432.2 462 1 67 0 0 0 1 0 0 0 1 0 1
20 -56.958 27.905 10.0 9.0 440 469 498 527 556 1 70 1 0 0 0 0 0 0 0 0 0
21 -80.994 -77.686 3.0 21.0 76 119.5 163 206.5 250 1 93 0 0 0 0 0 0 1 1 0 0
22 72.26 59.027 24.0 10.0 379 413.2 447.5 481.8 516 1 99 0 0 0 0 0 0 1 0 0 1
23 -21.655 1.636 1.0 13.0 295 334.8 374.5 414.2 454 1 17 0 0 1 0 1 0 1 0 0 1
24 -20.154 -62.415 22.0 25.0 81 121.8 162.5 203.2 244 1 80 0 1 0 0 1 0 1 0 0 0
25 -48.157 6.287 22.0 9.0 417 441.5 466 490.5 515 1 85 0 0 0 0 1 0 0 0 0 0
26 -5.078 61.597 17.0 19.0 75 106.2 137.5 168.8 200 1 13 1 0 0 0 0 0 1 1 1 0
27 17.145 -47.046 7.0 22.0 447 472.2 497.5 522.8 548 1 19 0 0 0 0 0 0 0 0 0 1
28 -16.064 8.557 11.0 4.0 120 148.2 176.5 204.8 233 1 18 0 0 0 1 0 1 0 0 0 0
29 6.683 -27.069 4.0 4.0 77 113.8 150.5 187.2 224 1 59 0 0 0 0 0 0 0 0 1 0
30 15.027 -34.979 15.0 7.0 172 211.5 251 290.5 330 1 18 1 1 0 0 0 0 0 0 0 0
31 37.946 73.914 15.0 20.0 140 183 226 269 312 1 95 0 0 0 0 1 0 0 0 0 1
32 -41.199 -43.018 9.0 17.0 71 107.2 143.5 179.8 216 1 70 0 0 1 1 0 0 0 0 0 0
33 32.538 11.786 15.0 19.0 147 174.8 202.5 230.2 258 1 97 0 0 0 1 0 1 1 0 0 0
34 -20.306 -20.239 1.0 12.0 412 446 480 514 548 1 60 0 0 0 0 1 1 0 1 0 0
35 -35.48 19.135 13.0 2.0 156 195.8 235.5 275.2 315 1 18 0 0 1 1 1 0 0 1 0 0
36 58.038 56.659 17.0 13.0 107 142.5 178 213.5 249 1 39 0 0 0 0 0 0 0 1 0 0
37 -36.694 -6.256 17.0 24.0 268 310.5 353 395.5 438 1 3 1 1 0 0 1 0 0 0 0 0
38 0.446 -46.735 25.0 22.0 251 294 337 380 423 1 18 0 1 0 0 0 0 0 0 1 0
39 -19.69 38.977 5.0 17.0 128 166.8 205.5 244.2 283 1 39 0 0 1 0 0 1 0 0 0 0
40 -47.339 20.911 25.0 19.0 144 175 206 237 268 1 69 0 1 0 0 1 1 0 0 0 0
41 -79.236 -57.678 2.0 4.0 120 147 174 201 228 1 5 0 1 0 0 0 0 1 0 0 0
42 5.597 -34.076 9.0 12.0 114 156.5 199 241.5 284 0 55 1 0 0 0 1 0 0 0 1 0
43 34.454 -8.289 7.0 22.0 327 355.5 384 412.5 441 0 2 0 0 0 1 0 1 0 0 1 0
44 18.5 -51.154 5.0 2.0 349 382.2 415.5 448.8 482 1 54 0 0 0 0 0 0 0 0 0 0
45 -4.346 -44.525 3.0 19.0 229 261 293 325 357 1 9 0 0 0 0 1 0 1 0 0 0
46 -14.148 -74.164 17.0 3.0 308 334.8 361.5 388.2 415 1 59 0 0 0 0 0 0 1 0 0 0
47 19.867 77.515 12.0 5.0 226 257.8 289.5 321.2 353 1 74 1 0 0 0 0 0 0 1 0 1
48 -50.079 17.871 21.0 22.0 115 142.5 170 197.5 225 1 83 0 0 0 0 0 1 1 0 0 1
49 42.786 -79.883 18.0 6.0 408 437.5 467 496.5 526 1 62 0 1 0 0 0 0 0 0 0 0
50 1.52 -29.034 8.0 9.0 73 104.2 135.5 166.8 198 1 0 1 0 0 0 0 1 0 0 0 0
51 14.728 -3.436 14.0 8.0 180 213.8 247.5 281.2 315 1 0 0 0 1 0 0 0 0 0 0 0
52 -26.166 -48.999 22.0 24.0 146 173.5 201 228.5 256 1 46 0 0 0 0 0 0 0 0 0 0
53 -63.873 -5.273 16.0 15.0 461 484.8 508.5 532.2 556 1 71 0 0 0 0 0 0 0 1 0 0
54 -54.138 7.086 21.0 16.0 165 205.8 246.5 287.2 328 1 5 0 0 1 0 1 0 0 1 1 1
55 17.932 -34.094 7.0 9.0 310 332.5 355 377.5 400 1 6 0 0 0 0 1 0 0 1 0 0
56 -98.706 34.552 12.0 1.0 70 109.8 149.5 189.2 229 1 80 0 0 0 1 0 1 0 1 0 0
57 28.802 -8.582 2.0 18.0 196 237.8 279.5 321.2 363 1 76 0 0 0 0 0 0 0 1 1 0
58 2.716 90.594 5.0 17.0 127 156.2 185.5 214.8 244 1 59 0 0 1 0 0 0 0 0 0 1
59 -31.024 48.938 3.0 18.0 394 418 442 466 490 1 41 1 1 0 1 0 1 0 1 0 0
60 -46.545 42.316 11.0 2.0 412 456.2 500.5 544.8 589 1 64 1 0 0 0 0 0 0 0 0 1
61 27.289 58.179 2.0 25.0 444 479 514 549 584 1 53 0 0 0 0 1 0 0 0 0 0
62 28.815 -28.027 7.0 21.0 346 388 430 472 514 0 85 0 0 1 0 0 0 0 0 0 0
63 -26.099 11.328 20.0 19.0 326 351.5 377 402.5 428 1 76 0 0 0 1 0 0 0 0 0 0
64 0.537 -26.221 7.0 10.0 106 149.5 193 236.5 280 1 7 0 0 1 0 0 0 0 0 1 0
65 -50.458 7.812 11.0 2.0 453 476.2 499.5 522.8 546 1 16 0 0 1 1 0 0 1 1 1 0
66 30.005 19.092 24.0 21.0 478 505.8 533.5 561.2 589 0 11 1 1 0 0 0 0 0 0 0 1
67 -12.604 22.058 15.0 20.0 324 350.5 377 403.5 430 1 26 0 1 0 0 0 0 1 0 0 0
68 22.009 -8.636 5.0 21.0 465 502.5 540 577.5 615 1 7 0 0 0 1 0 1 0 0 0 0
69 8.942 2.875 25.0 2.0 476 510.2 544.5 578.8 613 1 67 0 0 1 0 1 0 0 0 0 0
70 -19.812 0.922 12.0 6.0 139 166 193 220 247 1 81 1 0 1 0 1 0 0 1 0 0
71 -4.23 31.25 22.0 2.0 444 467.5 491 514.5 538 1 94 0 1 0 0 0 0 1 0 0 1
72 17.975 -0.409 11.0 12.0 65 108 151 194 237 1 50 0 0 1 0 1 0 1 1 0 1
73 -2.35 42.938 16.0 12.0 317 357.5 398 438.5 479 1 87 0 0 1 0 0 0 1 0 0 0
74 -16.516 68.085 10.0 5.0 167 211.2 255.5 299.8 344 1 49 1 0 0 0 0 0 1 1 0 0
75 -1.19 42.023 3.0 5.0 260 294.2 328.5 362.8 397 1 53 0 0 0 0 0 1 0 0 0 1
76 56.635 -44.019 10.0 8.0 289 331.8 374.5 417.2 460 1 68 0 1 1 1 1 0 0 1 0 0
77 57.483 35.504 17.0 15.0 144 172 200 228 256 1 31 0 0 0 0 0 0 0 0 0 1
78 -26.099 7.477 2.0 8.0 270 298.2 326.5 354.8 383 1 55 0 0 1 0 0 0 0 0 0 0
79 7.489 -57.239 21.0 7.0 377 408 439 470 501 1 35 1 0 0 0 0 0 1 0 1 0
80 -22.095 55.78 16.0 14.0 112 155.2 198.5 241.8 285 1 26 0 0 0 0 1 0 1 0 0 0
81 19.867 38.824 6.0 18.0 185 224.5 264 303.5 343 1 27 0 0 0 0 0 0 0 0 0 1
82 5.31 49.219 12.0 17.0 176 206.2 236.5 266.8 297 1 8 0 0 0 0 1 1 0 0 1 1
83 15.155 6.299 23.0 5.0 324 350.2 376.5 402.8 429 1 88 0 1 0 0 0 0 0 0 1 0
84 5.481 -31.5 23.0 6.0 273 313.5 354 394.5 435 1 23 0 0 0 0 0 0 0 0 0 0
85 7.959 -28.662 18.0 9.0 172 207.8 243.5 279.2 315 1 74 0 0 0 0 0 0 0 0 0 0
86 -75.812 4.01 18.0 24.0 123 167.8 212.5 257.2 302 1 53 0 1 0 1 0 0 0 0 0 0
87 -43.671 -61.646 14.0 13.0 381 404.5 428 451.5 475 1 64 1 0 0 0 0 0 0 1 0 0
88 -2.576 -62.14 2.0 5.0 477 504.2 531.5 558.8 586 1 52 0 0 0 0 0 0 0 0 0 0
89 -18.842 -36.884 11.0 4.0 196 218.8 241.5 264.2 287 1 86 0 1 0 0 0 0 0 0 0 1
90 20.844 21.167 24.0 22.0 222 248.2 274.5 300.8 327 1 18 1 0 0 0 1 0 0 0 0 1
91 3.137 -19.22 14.0 24.0 207 237.8 268.5 299.2 330 0 70 0 0 0 0 0 0 0 0 0 0
92 -20.361 18.878 3.0 25.0 104 146.8 189.5 232.2 275 0 39 0 0 0 0 0 0 0 0 1 0
93 -0.897 -54.938 21.0 9.0 468 510.5 553 595.5 638 1 20 0 0 0 0 1 0 0 1 0 0
94 -29.553 9.277 8.0 8.0 417 456.2 495.5 534.8 574 1 7 0 1 0 0 1 0 0 0 0 0
95 5.048 -35.046 19.0 8.0 146 172.2 198.5 224.8 251 1 87 0 0 0 0 0 0 0 0 1 0
96 27.759 48.712 7.0 25.0 345 385.8 426.5 467.2 508 1 12 0 0 0 0 0 0 0 0 1 0
97 12.079 -42.346 19.0 7.0 386 410.2 434.5 458.8 483 1 90 0 0 0 1 0 0 0 0 0 1
98 -51.27 41.144 23.0 24.0 173 196 219 242 265 1 73 0 0 0 1 0 0 0 0 0 1
99 -29.077 4.291 8.0 16.0 167 201.5 236 270.5 305 1 9 0 1 0 0 0 0 0 1 0 0
100 -18.555 -14.819 18.0 15.0 188 210.8 233.5 256.2 279 1 97 0 1 0 0 0 0 0 0 1 0
101 7.855 -49.451 7.0 7.0 289 329 369 409 449 1 90 0 1 1 0 0 0 1 0 0 0
102 -19.116 -32.086 1.0 17.0 423 447.8 472.5 497.2 522 1 6 0 0 0 0 0 1 0 1 1 1
103 17.651 -52.271 9.0 9.0 222 264.2 306.5 348.8 391 1 35 0 1 0 0 1 0 0 0 0 0
104 16.907 -62.964 5.0 14.0 121 155.2 189.5 223.8 258 1 46 0 1 0 0 0 0 0 0 0 0
105 18.988 6.219 23.0 20.0 425 463.2 501.5 539.8 578 1 70 0 0 0 0 1 0 0 0 0 0
106 -68.878 -64.539 18.0 6.0 212 238.5 265 291.5 318 1 55 0 0 0 0 0 0 1 1 0 0
107 -13.361 20.264 5.0 17.0 345 368.2 391.5 414.8 438 1 12 0 0 0 0 0 1 0 1 0 0
108 -44.44 63.721 17.0 23.0 124 148.5 173 197.5 222 1 9 1 0 0 0 0 0 0 0 0 0
109 -6.5 71.436 9.0 14.0 75 100.2 125.5 150.8 176 1 16 0 0 0 0 1 0 1 1 0 1
110 -51.978 25.409 19.0 19.0 221 260.2 299.5 338.8 378 1 50 0 0 0 0 0 0 0 0 0 0
111 -0.739 59.491 20.0 21.0 68 96.2 124.5 152.8 181 1 52 0 1 0 0 1 0 0 0 0 0
112 -64.679 83.038 1.0 6.0 322 360.5 399 437.5 476 1 68 1 0 0 0 0 0 0 0 0 0
113 -11.273 -35.944 18.0 1.0 197 237.5 278 318.5 359 1 81 1 0 0 0 0 0 0 0 0 0
114 -16.864 7.776 15.0 22.0 147 180.8 214.5 248.2 282 0 12 0 0 0 0 1 0 0 1 0 0
115 19.843 -49.805 10.0 7.0 88 112.8 137.5 162.2 187 1 69 0 1 0 0 0 1 0 0 1 0
116 -16.284 -2.936 8.0 14.0 128 153.5 179 204.5 230 1 7 0 0 0 1 0 1 0 0 0 0
117 8.356 67.041 14.0 7.0 347 388.2 429.5 470.8 512 1 49 0 1 0 1 0 0 0 1 0 1
118 30.878 24.316 15.0 25.0 439 470 501 532 563 0 93 1 1 1 0 0 1 0 1 1 0
119 93.524 -20.233 17.0 17.0 318 344.2 370.5 396.8 423 1 53 0 0 0 0 0 0 0 0 0 0
120 -9.332 -56.177 9.0 10.0 477 504 531 558 585 1 37 0 1 0 1 0 0 0 0 1 1
121 -34.442 -63.312 13.0 23.0 375 403.8 432.5 461.2 490 1 15 0 0 0 1 0 0 0 0 0 0
122 20.941 -5.646 18.0 22.0 414 442 470 498 526 0 3 1 0 0 0 1 1 0 0 0 0
123 -3.418 89.594 20.0 3.0 196 234.2 272.5 310.8 349 1 22 0 0 0 1 0 0 0 1 0 1
124 -18.738 45.227 8.0 14.0 342 365.2 388.5 411.8 435 1 7 0 0 0 0 1 0 1 0 0 0
125 2.435 -30.524 2.0 14.0 184 224.2 264.5 304.8 345 1 8 0 0 0 0 1 0 0 0 0 0
126 -28.864 56.616 7.0 2.0 308 343.8 379.5 415.2 451 1 50 1 1 0 0 0 0 0 0 0 1
127 76.88 -29.901 6.0 2.0 409 434.2 459.5 484.8 510 1 51 0 0 0 0 1 0 0 0 0 1
128 -90.466 10.278 12.0 21.0 123 149.2 175.5 201.8 228 1 64 0 0 0 0 0 1 0 0 0 0
129 -35.101 46.545 12.0 10.0 479 523 567 611 655 1 9 0 1 0 0 0 0 1 0 0 0
130 -48.395 43.854 25.0 10.0 131 153.8 176.5 199.2 222 1 37 1 1 0 0 0 0 0 0 1 0
131 -40.997 26.703 6.0 5.0 152 183.2 214.5 245.8 277 1 5 0 0 1 0 0 0 0 0 1 0
132 13.696 34.607 5.0 9.0 158 191.2 224.5 257.8 291 1 97 0 0 0 1 0 1 0 1 0 0
133 -71.472 11.45 20.0 15.0 322 360 398 436 474 1 58 0 0 0 0 1 0 0 0 1 0
134 -36.23 51.904 2.0 19.0 345 382.8 420.5 458.2 496 1 10 0 1 0 0 0 0 0 0 0 0
135 -39.465 4.907 25.0 7.0 429 456.5 484 511.5 539 1 82 0 0 0 1 0 0 0 1 0 1
136 -16.565 23.773 7.0 11.0 226 249 272 295 318 1 80 0 0 1 0 0 0 0 0 0 1
137 10.754 -28.552 6.0 2.0 296 327.2 358.5 389.8 421 1 57 0 0 1 1 0 0 0 0 0 1
138 -23.029 47.015 21.0 25.0 197 232.2 267.5 302.8 338 1 52 1 0 1 0 0 1 1 0 1 1
139 -8.807 21.216 19.0 14.0 369 396.8 424.5 452.2 480 1 93 1 0 1 0 0 0 0 0 0 0
140 -40.039 27.435 22.0 15.0 473 513 553 593 633 1 33 0 0 0 0 1 0 0 0 0 0
141 -37.445 -41.04 8.0 12.0 372 416 460 504 548 1 49 0 0 0 0 1 0 1 0 0 0
142 48.224 0.085 19.0 11.0 401 437 473 509 545 1 50 1 1 0 0 0 0 0 0 1 0
143 -0.323 68.237 6.0 17.0 424 467.8 511.5 555.2 599 1 24 1 0 0 0 0 1 0 0 0 0
144 -14.294 -33.423 24.0 4.0 393 420.8 448.5 476.2 504 1 81 1 0 0 0 0 0 0 1 0 0
145 -1.44 -34.814 15.0 24.0 453 493.2 533.5 573.8 614 1 21 0 0 1 0 0 0 0 1 0 0
146 -34.454 42.346 25.0 8.0 92 131.2 170.5 209.8 249 1 1 0 0 1 0 0 0 1 0 0 0
147 8.679 -66.18 6.0 20.0 254 291 328 365 402 1 88 0 1 0 0 0 0 1 0 0 0
148 -61.249 -51.367 21.0 12.0 66 107 148 189 230 1 39 1 1 0 0 0 0 0 0 0 1
149 -1.093 9.912 4.0 10.0 233 267.8 302.5 337.2 372 1 40 0 1 0 0 0 0 0 0 0 0
150 -16.565 66.547 10.0 12.0 249 289.5 330 370.5 411 1 7 0 0 1 0 0 0 0 0 0 1
151 8.435 52.838 16.0 9.0 144 168.8 193.5 218.2 243 1 47 0 1 1 0 1 0 0 0 0 0
152 -22.034 -36.896 12.0 16.0 295 323.5 352 380.5 409 1 81 0 0 0 0 0 0 0 0 0 0
153 15.765 17.322 13.0 23.0 478 520.2 562.5 604.8 647 1 42 1 0 0 0 1 0 0 0 0 0
154 9.003 -18.695 2.0 15.0 128 157.5 187 216.5 246 0 50 0 1 0 0 0 0 1 0 1 0
155 -4.584 3.491 3.0 10.0 463 491.2 519.5 547.8 576 1 28 0 0 0 0 0 0 1 1 0 0
156 8.875 40.662 10.0 21.0 379 420.5 462 503.5 545 1 56 0 0 1 0 0 0 0 0 0 0
157 26.093 -33.966 18.0 2.0 257 300 343 386 429 1 81 0 0 0 0 0 0 0 0 0 0
158 -32.501 39.526 18.0 16.0 154 178.5 203 227.5 252 1 91 1 0 0 0 0 0 0 0 0 0
159 -32.629 -82.581 11.0 15.0 456 492.8 529.5 566.2 603 1 76 0 0 0 1 0 0 0 0 0 0
160 -98.486 22.021 7.0 11.0 242 274 306 338 370 1 20 1 0 0 0 0 1 0 0 0 0
161 -59.052 4.163 18.0 11.0 217 256.5 296 335.5 375 1 39 0 0 0 0 0 0 1 1 0 0
162 7.428 -2.57 15.0 17.0 353 394.5 436 477.5 519 1 96 1 1 0 0 0 0 1 1 0 0
163 -59.601 12.469 5.0 3.0 118 158.8 199.5 240.2 281 1 0 0 0 0 0 0 0 0 1 0 0
164 -11.224 -31.83 20.0 9.0 207 238.8 270.5 302.2 334 1 90 0 0 1 1 1 0 0 0 0 0
165 -16.809 -35.04 9.0 1.0 137 177.2 217.5 257.8 298 1 21 0 1 0 0 0 0 0 0 1 0
166 21.863 18.14 22.0 13.0 195 229.2 263.5 297.8 332 1 66 0 0 1 1 0 0 0 1 0 0
167 45.038 -61.316 13.0 1.0 142 177.2 212.5 247.8 283 1 72 0 0 0 0 0 0 1 0 1 0
168 -48.816 25.568 24.0 2.0 78 116 154 192 230 1 29 0 0 0 0 1 0 1 0 0 0
169 -32.184 -16.736 4.0 22.0 411 451.8 492.5 533.2 574 1 85 0 0 0 0 0 1 0 0 0 0
170 12.439 -41.492 16.0 10.0 284 320.5 357 393.5 430 1 97 0 0 0 0 0 1 0 1 0 1
171 -21.082 -77.075 16.0 4.0 327 350.8 374.5 398.2 422 1 63 0 0 0 0 0 0 0 1 0 0
172 -17.822 -18.518 14.0 9.0 64 91.2 118.5 145.8 173 1 27 0 0 0 0 0 0 0 0 0 0
173 48.334 93.518 14.0 11.0 335 361 387 413 439 1 8 0 0 0 0 0 1 0 0 1 0
174 -18.677 49.005 25.0 3.0 418 447.2 476.5 505.8 535 1 94 0 0 0 1 0 0 1 0 0 0
175 12.14 30.042 23.0 19.0 259 299.8 340.5 381.2 422 1 0 1 0 1 0 0 0 0 0 1 0
176 3.113 -40.302 23.0 19.0 183 220.8 258.5 296.2 334 1 21 0 1 0 0 0 0 0 0 0 0
177 17.133 37.079 4.0 4.0 331 366 401 436 471 1 98 0 0 0 0 0 0 1 0 0 1
178 22.577 0.836 17.0 19.0 329 361.8 394.5 427.2 460 0 90 0 1 0 0 0 1 0 0 1 0
179 -30.426 52.942 12.0 15.0 138 173.8 209.5 245.2 281 1 13 0 0 0 0 0 1 0 0 0 1
180 33.765 -67.108 11.0 21.0 236 280.5 325 369.5 414 1 35 0 0 1 0 0 0 0 0 0 0
181 5.414 1.532 24.0 25.0 130 153.2 176.5 199.8 223 1 52 0 0 0 0 0 0 0 1 1 0
182 72.156 30.103 22.0 4.0 159 194.8 230.5 266.2 302 1 33 0 0 0 0 0 1 0 0 1 1
183 -24.109 -34.625 10.0 3.0 91 115.8 140.5 165.2 190 1 94 0 0 0 0 0 0 0 0 0 0
184 17.413 75.146 10.0 6.0 368 401.2 434.5 467.8 501 1 10 0 0 0 0 1 0 0 0 0 1
185 10.638 -60.052 10.0 6.0 462 495.8 529.5 563.2 597 1 8 1 1 1 1 1 0 0 0 0 0
186 -5.176 -48.999 5.0 21.0 259 295.2 331.5 367.8 404 0 30 0 0 0 0 0 0 0 0 0 1
187 -19.342 21.118 13.0 25.0 479 517.5 556 594.5 633 0 34 0 0 0 1 0 0 0 0 0 0
188 -46.802 -14.661 18.0 10.0 99 128.8 158.5 188.2 218 1 41 0 1 1 0 0 0 0 1 1 0
189 -16.779 43.439 25.0 25.0 302 333.8 365.5 397.2 429 1 72 0 1 0 0 0 1 0 0 1 0
190 14.093 -13.605 12.0 19.0 298 330.8 363.5 396.2 429 1 95 0 0 0 0 1 1 0 0 0 0
191 -21.063 26.019 18.0 19.0 255 296 337 378 419 1 95 0 0 0 0 0 1 1 1 0 0
192 39.813 -40.668 9.0 22.0 455 488.2 521.5 554.8 588 1 74 0 0 0 0 0 0 0 0 0 0
193 52.057 30.334 23.0 5.0 134 158.2 182.5 206.8 231 1 49 1 0 0 0 0 1 0 1 0 0
