4 48 2059 4 12 9 9 8 7 12 6 11 14
0 -10.442 19.999 0.0 0.0 0 1000
2 -29.73 64.136 2.0 12.0 354 392.8 431.5 470.2 509 0 75 1 0 0 1 0 0 1 1 0 0
3 -30.664 5.463 7.0 8.0 234 275.8 317.5 359.2 401 1 46 0 1 1 0 0 0 1 1 1 0
4 51.642 5.469 21.0 16.0 411 451.5 492 532.5 573 1 65 0 1 0 0 0 0 0 1 1 0
5 -13.171 69.336 24.0 5.0 474 511 548 585 622 0 77 0 0 0 0 0 0 1 0 0 0
6 -67.413 68.323 1.0 12.0 155 190 225 260 295 1 99 0 1 0 1 0 0 1 1 0 1
7 48.907 6.274 17.0 5.0 361 398 435 472 509 1 2 0 0 1 0 0 0 0 0 0 0
8 5.243 22.26 6.0 13.0 451 495.5 540 584.5 629 0 53 0 0 0 1 0 0 0 0 0 0
9 -65.002 77.234 5.0 20.0 425 465.8 506.5 547.2 588 1 49 0 0 1 0 1 1 0 0 0 1
10 -4.175 -1.569 7.0 13.0 72 103.8 135.5 167.2 199 0 77 1 0 0 0 1 0 1 0 0 1
11 23.029 11.639 1.0 18.0 157 197.2 237.5 277.8 318 1 1 0 0 1 0 0 0 1 0 0 1
12 25.482 6.287 4.0 7.0 296 333 370 407 444 1 3 0 0 0 0 0 0 0 0 0 1
13 -42.615 -26.392 10.0 6.0 111 145.5 180 214.5 249 0 43 0 0 0 0 0 0 1 0 1 0
14 -76.672 99.341 2.0 9.0 368 408 448 488 528 1 28 0 1 0 0 0 0 0 0 0 0
15 -20.673 57.892 16.0 9.0 98 136.2 174.5 212.8 251 1 17 0 0 0 0 1 0 0 0 0 0
16 -52.039 6.567 23.0 4.0 96 124 152 180 208 0 20 0 0 0 0 0 0 1 0 0 0
17 -41.376 50.824 18.0 25.0 382 420.2 458.5 496.8 535 0 22 0 0 0 0 0 0 0 0 0 0
18 -91.943 27.588 3.0 5.0 436 472 508 544 580 1 83 0 0 0 0 0 0 0 0 0 1
19 -65.118 30.212 15.0 17.0 405 435.8 466.5 497.2 528 1 86 0 1 1 1 0 0 0 0 0 0
20 18.597 96.716 13.0 3.0 255 294.8 334.5 374.2 414 1 70 0 0 0 0 0 0 0 0 0 0
21 -40.942 83.209 10.0 16.0 293 337.2 381.5 425.8 470 1 84 0 0 1 0 0 1 0 0 0 0
22 -37.756 -33.325 4.0 25.0 298 325.5 353 380.5 408 0 11 0 0 0 0 0 1 0 0 0 0
23 23.767 29.083 23.0 21.0 479 511 543 575 607 0 9 0 0 0 0 0 0 1 1 0 0
24 -43.03 20.453 20.0 14.0 376 416 456 496 536 0 56 0 0 1 0 1 0 0 0 0 1
25 -35.297 -24.896 10.0 19.0 91 127.8 164.5 201.2 238 0 26 0 0 0 1 0 1 0 0 0 0
26 -54.755 14.368 4.0 14.0 360 396.2 432.5 468.8 505 1 73 0 0 0 0 0 0 0 0 0 0
27 -49.329 33.374 2.0 6.0 379 416.2 453.5 490.8 528 0 49 0 1 0 0 0 0 0 0 0 1
28 57.404 23.822 23.0 16.0 258 300.5 343 385.5 428 0 35 0 0 0 0 0 1 0 0 0 0
29 -22.754 55.408 6.0 9.0 352 391.2 430.5 469.8 509 0 64 0 0 0 0 0 1 1 0 0 0
30 -56.622 73.34 8.0 20.0 288 311 334 357 380 0 90 0 1 0 0 0 0 0 0 0 1
31 -38.562 -3.705 10.0 13.0 159 200.2 241.5 282.8 324 1 0 0 0 0 0 0 0 0 1 0 1
32 -16.779 19.537 7.0 10.0 423 458.2 493.5 528.8 564 1 17 1 0 0 0 1 0 0 0 0 1
33 -11.56 11.615 1.0 16.0 238 275.2 312.5 349.8 387 1 17 1 1 1 0 1 0 0 0 1 0
34 -46.545 97.974 21.0 19.0 339 361.5 384 406.5 429 1 24 0 0 0 0 1 0 0 0 0 0
35 16.229 9.32 6.0 22.0 397 440.8 484.5 528.2 572 0 44 0 0 0 0 0 0 1 0 0 0
36 1.294 7.349 4.0 14.0 479 509 539 569 599 0 28 0 0 0 0 0 0 0 0 1 0
37 -26.404 29.529 13.0 10.0 315 359.2 403.5 447.8 492 0 8 0 1 0 1 0 1 0 0 1 0
38 4.352 14.685 9.0 11.0 132 171.5 211 250.5 290 0 13 0 0 0 0 0 0 0 0 0 0
39 -50.665 -23.126 22.0 15.0 161 202.2 243.5 284.8 326 0 99 0 0 0 1 0 0 0 0 1 1
40 -22.833 -9.814 22.0 13.0 387 417.2 447.5 477.8 508 0 62 0 0 0 1 0 0 0 0 0 0
41 -71.1 -18.616 18.0 15.0 284 324.5 365 405.5 446 1 54 0 0 1 0 0 0 0 0 1 0
42 -7.849 32.074 10.0 8.0 296 339.8 383.5 427.2 471 0 18 0 0 0 1 0 0 1 0 0 1
43 11.877 -24.933 25.0 22.0 381 406.2 431.5 456.8 482 1 36 0 1 0 0 1 0 0 0 0 0
44 -18.927 -23.73 23.0 24.0 401 431.2 461.5 491.8 522 0 56 0 0 1 0 0 0 0 0 0 0
45 -11.92 11.755 4.0 3.0 432 465 498 531 564 1 61 0 1 0 0 0 0 0 0 1 0
46 29.84 11.633 9.0 25.0 289 329.2 369.5 409.8 450 1 77 0 0 0 0 0 0 0 0 1 1
47 12.268 -55.811 17.0 19.0 451 487.5 524 560.5 597 1 39 0 0 0 0 0 0 0 0 0 0
48 -37.933 -21.613 10.0 21.0 123 167.8 212.5 257.2 302 1 54 0 0 0 0 0 0 0 0 1 0
49 42.883 -2.966 17.0 10.0 98 131.8 165.5 199.2 233 0 94 0 1 0 0 0 0 0 0 0 1
