2 96 2073 12 9 10 11 10 6 8 8 9 7
0 30.219 24.786 0.0 0.0 0 1000
2 33.588 30.75 12.0 4.0 389 425.8 462.5 499.2 536 1 41 1 0 0 1 0 0 0 1 0 0
3 48.828 65.314 1.0 12.0 444 472.5 501 529.5 558 1 81 1 0 0 0 0 0 0 0 1 0
4 86.176 59.344 1.0 3.0 275 309.2 343.5 377.8 412 1 86 0 0 0 0 0 1 1 0 0 0
5 39.27 -33.057 15.0 15.0 367 406.2 445.5 484.8 524 1 78 0 0 0 0 0 0 0 0 0 0
6 -23.37 86.853 10.0 13.0 413 457 501 545 589 1 30 1 0 0 1 0 0 0 0 0 0
7 48.132 95.593 12.0 20.0 66 92.8 119.5 146.2 173 0 72 1 0 0 0 0 0 0 0 0 0
8 -16.357 93.311 15.0 21.0 232 263.2 294.5 325.8 357 1 51 0 0 0 0 0 0 0 0 0 0
9 -57.703 -65.601 16.0 4.0 473 505 537 569 601 1 14 0 1 0 0 0 0 1 1 0 1
10 7.147 32.684 18.0 25.0 351 389.8 428.5 467.2 506 0 53 1 0 0 0 1 0 0 0 0 1
11 42.95 68.701 9.0 21.0 302 338.5 375 411.5 448 1 79 0 0 0 1 1 0 0 0 1 0
12 37.085 -2.112 5.0 7.0 411 451.8 492.5 533.2 574 1 21 0 0 1 0 0 1 1 0 0 0
13 77.759 55.817 19.0 3.0 146 179.2 212.5 245.8 279 1 33 0 0 0 0 1 1 0 0 0 0
14 -17.462 -56.567 11.0 9.0 214 237 260 283 306 1 13 0 0 1 0 0 0 0 0 0 0
15 58.575 59.888 12.0 5.0 128 154.5 181 207.5 234 1 52 1 1 1 0 0 0 1 0 0 0
16 57.776 15.344 13.0 20.0 158 184.2 210.5 236.8 263 1 75 0 1 0 0 0 1 0 0 0 0
17 -22.327 36.072 8.0 21.0 447 478.5 510 541.5 573 0 68 0 0 1 0 0 0 0 0 0 0
18 -7.08 30.493 14.0 19.0 134 160.2 186.5 212.8 239 0 22 0 0 0 0 0 1 0 0 0 0
19 55.658 60.425 9.0 2.0 81 113.5 146 178.5 211 1 96 0 0 1 0 0 0 0 1 0 0
20 -14.307 11.456 2.0 16.0 418 457.2 496.5 535.8 575 0 45 0 0 0 0 1 0 0 0 1 0
21 -29.724 24.268 25.0 18.0 455 487.8 520.5 553.2 586 0 52 1 0 0 0 0 0 0 0 0 1
22 43.219 0.739 6.0 24.0 369 406 443 480 517 1 60 0 1 1 1 1 0 1 0 0 0
23 45.184 35.474 16.0 24.0 99 121.8 144.5 167.2 190 1 86 0 0 0 0 0 0 1 0 0 0
24 64.484 2.24 18.0 8.0 150 181.8 213.5 245.2 277 1 22 1 0 0 0 0 0 0 0 0 0
25 55.078 72.241 4.0 16.0 126 169 212 255 298 0 7 0 1 0 0 1 0 0 0 1 0
26 16.925 15.741 17.0 19.0 429 462.8 496.5 530.2 564 0 3 0 0 0 1 0 1 1 0 0 0
27 45.038 -3.723 4.0 12.0 254 292.5 331 369.5 408 0 77 0 0 0 1 1 0 0 0 0 0
28 -76.782 5.939 22.0 9.0 255 291.2 327.5 363.8 400 1 0 0 0 0 1 0 0 0 0 0 0
29 36.169 0.256 12.0 3.0 161 193.8 226.5 259.2 292 1 65 0 0 1 1 0 0 0 0 0 1
30 29.218 8.936 13.0 15.0 236 259.2 282.5 305.8 329 0 68 0 0 0 0 0 1 0 1 0 0
31 65.057 5.225 5.0 4.0 176 207 238 269 300 1 5 1 0 0 0 1 0 0 1 0 0
32 42.175 -22.284 24.0 24.0 298 339.8 381.5 423.2 465 1 57 1 0 0 0 0 1 0 0 0 0
33 25.574 31.726 12.0 22.0 142 167.2 192.5 217.8 243 1 66 0 0 0 1 0 0 0 1 1 0
34 31.561 37.262 16.0 14.0 404 447.2 490.5 533.8 577 1 79 1 0 1 0 1 0 0 0 1 0
35 66.498 -54.169 8.0 11.0 101 144 187 230 273 1 53 0 0 0 0 0 0 0 0 1 0
36 46.576 -17.938 10.0 20.0 236 268.2 300.5 332.8 365 0 84 1 0 1 0 0 0 0 0 0 0
37 65.063 40.875 15.0 5.0 391 426.5 462 497.5 533 1 95 0 0 1 0 1 1 0 0 0 0
38 -2.716 24.768 21.0 11.0 354 393 432 471 510 1 90 1 0 0 0 0 0 0 0 1 0
39 -40.002 3.87 5.0 12.0 183 221 259 297 335 1 24 0 0 0 0 0 0 0 0 0 0
40 -73.505 57.043 9.0 7.0 392 429.2 466.5 503.8 541 1 95 1 0 0 1 0 0 0 0 0 0
41 81.146 -25.714 5.0 1.0 425 463.8 502.5 541.2 580 1 3 0 0 0 0 0 0 0 0 1 0
42 12.006 -7.965 9.0 23.0 170 208.2 246.5 284.8 323 0 78 1 1 0 1 0 0 0 0 1 0
43 42.761 38.092 20.0 13.0 182 214.8 247.5 280.2 313 1 17 0 0 0 1 1 0 1 0 0 0
44 3.857 -23.181 14.0 4.0 136 166.2 196.5 226.8 257 1 28 0 0 0 0 0 0 0 1 0 0
45 -7.367 24.39 24.0 23.0 287 325.2 363.5 401.8 440 1 89 0 1 0 0 0 0 0 0 0 0
46 35.944 -11.835 23.0 17.0 289 312 335 358 381 1 86 0 0 0 0 0 0 0 0 0 0
47 52.075 9.692 12.0 13.0 354 386.2 418.5 450.8 483 1 34 0 0 0 0 1 1 1 0 1 0
48 30.725 30.701 13.0 9.0 284 324.2 364.5 404.8 445 1 58 0 0 1 0 0 1 0 0 0 1
49 41.223 77.924 19.0 10.0 153 183 213 243 273 1 0 0 0 0 1 0 0 1 0 0 0
50 68.884 -40.546 21.0 22.0 310 342.8 375.5 408.2 441 1 73 0 1 0 1 0 0 0 0 0 0
51 76.312 86.67 5.0 21.0 186 208.8 231.5 254.2 277 1 54 1 0 0 0 0 1 0 0 0 0
52 63.934 78.54 9.0 13.0 400 423 446 469 492 1 24 0 0 0 0 0 0 0 1 0 1
53 29.15 -9.961 23.0 25.0 305 346 387 428 469 1 46 1 0 0 1 0 0 0 0 0 0
54 85.522 39.954 8.0 8.0 263 291.8 320.5 349.2 378 1 93 0 0 0 1 1 0 0 0 0 0
55 31.775 3.87 5.0 20.0 446 481.2 516.5 551.8 587 1 99 1 0 0 1 0 1 0 1 1 0
56 -20.544 19.086 8.0 3.0 260 293 326 359 392 1 45 0 0 1 0 1 0 0 0 0 0
57 55.353 43.817 10.0 4.0 211 253.8 296.5 339.2 382 1 46 1 0 0 1 1 0 0 0 0 1
58 35.406 10.278 9.0 13.0 148 185.2 222.5 259.8 297 1 57 0 0 0 0 0 0 0 0 0 0
59 25.464 -0.287 21.0 18.0 133 175.5 218 260.5 303 0 75 0 0 1 0 1 0 1 0 1 0
60 12.396 0.244 12.0 1.0 407 429.5 452 474.5 497 1 28 0 0 0 1 0 0 0 0 1 0
61 18.359 20.917 8.0 10.0 70 101.2 132.5 163.8 195 1 81 0 1 0 0 0 0 0 1 1 0
62 27.96 -15.039 4.0 16.0 262 292.5 323 353.5 384 1 84 0 1 0 0 1 0 0 0 0 1
63 -3.192 19.879 14.0 9.0 101 142.5 184 225.5 267 0 14 1 0 0 0 0 0 0 0 0 0
64 9.332 -41.351 19.0 13.0 147 178.5 210 241.5 273 1 92 1 0 0 0 0 0 0 0 0 1
65 -20.581 38.177 23.0 23.0 207 230.2 253.5 276.8 300 1 8 0 0 0 0 0 0 0 1 0 0
66 27.82 28.729 4.0 14.0 212 254.5 297 339.5 382 1 56 1 0 0 1 0 0 1 0 0 1
67 59.027 42.31 9.0 5.0 325 357.2 389.5 421.8 454 1 98 0 0 0 0 1 0 0 0 0 0
68 56.311 58.734 1.0 1.0 101 125.2 149.5 173.8 198 1 85 0 0 0 0 0 0 0 0 0 0
69 -51.654 -0.342 21.0 6.0 418 457.8 497.5 537.2 577 1 8 0 0 0 1 0 0 0 1 0 0
70 2.576 32.721 20.0 20.0 400 443.8 487.5 531.2 575 1 2 0 0 1 0 0 0 1 0 0 0
71 15.131 -3.046 24.0 10.0 477 505.5 534 562.5 591 1 86 1 0 0 0 0 0 0 0 0 0
72 66.595 34.937 22.0 19.0 96 125 154 183 212 1 21 1 0 0 1 0 0 0 0 0 0
73 19.476 20.142 25.0 24.0 95 126.2 157.5 188.8 220 1 58 0 0 0 1 0 0 1 1 0 1
74 -1.172 20.648 19.0 3.0 86 115.2 144.5 173.8 203 1 12 0 0 0 0 0 1 0 0 0 0
75 -21.204 13.66 14.0 5.0 453 484 515 546 577 1 49 0 0 1 0 0 0 1 0 0 0
76 98.846 1.257 11.0 13.0 355 392.8 430.5 468.2 506 1 10 1 0 1 0 1 1 1 1 0 0
77 82.593 72.003 22.0 5.0 407 441.2 475.5 509.8 544 1 58 0 1 0 1 1 0 0 0 1 0
78 30.017 -30.896 25.0 4.0 451 495.5 540 584.5 629 1 77 1 1 0 0 0 0 0 1 0 1
79 33.228 41.663 5.0 12.0 417 448.8 480.5 512.2 544 1 31 0 1 0 1 0 0 0 0 1 0
80 39.49 -8.539 10.0 11.0 116 142 168 194 220 1 37 1 0 1 1 0 0 0 0 0 1
81 54.498 70.813 4.0 20.0 123 146.8 170.5 194.2 218 0 31 1 0 0 1 0 0 0 0 1 0
82 3.058 10.248 4.0 13.0 455 498.8 542.5 586.2 630 1 21 0 1 0 0 0 0 0 1 0 0
83 51.831 -16.87 6.0 1.0 385 412.5 440 467.5 495 1 59 1 1 0 1 0 0 0 0 0 0
84 76.416 11.346 22.0 3.0 402 429.8 457.5 485.2 513 1 52 1 0 0 0 0 0 0 0 1 0
85 5.243 0.238 17.0 2.0 203 244.5 286 327.5 369 1 86 0 1 1 1 0 0 0 0 1 0
86 50.592 34.247 22.0 23.0 213 257.8 302.5 347.2 392 1 1 1 0 0 0 1 1 0 0 0 0
87 -5.231 -2.081 3.0 8.0 169 209.5 250 290.5 331 1 61 0 0 1 1 1 1 0 1 0 0
88 24.194 25.836 25.0 25.0 436 474 512 550 588 0 77 0 1 0 0 0 0 0 0 0 0
89 33.63 37.585 22.0 18.0 361 404.2 447.5 490.8 534 1 37 0 1 0 0 0 0 0 0 0 1
90 31.445 -7.001 23.0 4.0 113 139 165 191 217 1 63 0 0 0 0 0 0 0 0 0 1
91 30.707 -28.168 16.0 5.0 112 148.5 185 221.5 258 1 18 0 0 0 0 0 0 1 0 0 0
92 49.86 1.038 13.0 21.0 302 337.2 372.5 407.8 443 1 69 1 1 0 0 0 0 0 0 0 0
93 -35.767 14.142 23.0 23.0 187 230.5 274 317.5 361 1 99 0 0 0 0 0 0 0 0 0 0
94 -29.309 4.889 1.0 19.0 299 331.8 364.5 397.2 430 0 47 0 0 1 0 0 0 0 1 0 1
95 19.049 41.974 11.0 2.0 85 114.5 144 173.5 203 1 77 0 0 0 1 1 0 0 0 1 0
96 27.6 13.934 19.0 21.0 196 233.2 270.5 307.8 345 0 21 0 0 0 0 0 0 0 0 0 1
97 52.832 50.684 21.0 10.0 229 253 277 301 325 1 10 0 0 0 0 0 0 0 0 0 0
