1 144 1068 6 6 8 3 7 7 6 4 4 7
0 -12.167 -0.086 0.0 0.0 0 1000
2 -40.289 -42.303 6.0 20.0 399 439.2 479.5 519.8 560 0 8 1 0 1 0 0 1 0 1 0 0
3 -64.709 -17.389 3.0 10.0 463 490 517 544 571 1 67 0 0 0 0 0 0 0 0 1 0
4 5.06 -14.349 23.0 8.0 391 419.5 448 476.5 505 1 24 0 0 0 1 0 0 0 0 0 0
5 72.095 20.233 1.0 6.0 262 305.8 349.5 393.2 437 1 59 0 1 0 0 0 0 0 0 0 0
6 2.594 -15.002 18.0 1.0 102 132.2 162.5 192.8 223 1 87 0 0 0 0 0 0 0 0 0 0
7 -24.176 -72.894 8.0 19.0 330 366.2 402.5 438.8 475 1 15 0 0 1 0 0 0 0 0 0 0
8 -13.19 66.498 2.0 13.0 248 290 332 374 416 1 54 1 0 0 0 0 0 0 0 0 0
9 33.191 13.69 9.0 24.0 333 366.8 400.5 434.2 468 1 19 1 1 0 0 0 0 0 0 0 0
10 66.827 -30.554 1.0 15.0 274 300.2 326.5 352.8 379 1 25 0 0 0 0 1 0 0 1 0 0
11 19.934 35.883 20.0 13.0 379 402.2 425.5 448.8 472 1 99 1 0 0 1 0 0 0 0 0 0
12 -27.771 32.269 23.0 10.0 214 245.5 277 308.5 340 1 76 0 0 0 1 0 0 1 0 0 0
13 51.154 -16.827 22.0 4.0 232 254.8 277.5 300.2 323 1 10 1 0 0 0 0 0 0 0 0 0
14 -19.214 23.749 24.0 12.0 401 427.5 454 480.5 507 1 72 0 0 0 1 0 1 0 0 1 0
15 -46.643 -52.954 21.0 21.0 213 254.8 296.5 338.2 380 1 29 0 0 1 0 0 0 1 0 0 0
16 -10.59 -16.626 18.0 2.0 366 404 442 480 518 1 10 0 0 0 1 0 0 0 0 0 0
17 35.15 12.622 21.0 10.0 427 468.8 510.5 552.2 594 1 61 0 1 0 0 0 1 0 0 0 0
18 -37.378 12.256 7.0 20.0 166 195.5 225 254.5 284 0 13 0 0 1 0 1 0 0 1 0 0
19 82.794 25.836 4.0 9.0 184 211 238 265 292 1 3 0 1 0 0 0 0 0 0 1 0
20 8.936 -3.723 21.0 24.0 462 503.2 544.5 585.8 627 0 63 0 0 0 1 0 0 1 0 0 0
21 -56.659 25.555 13.0 19.0 118 149.8 181.5 213.2 245 1 85 1 0 0 1 0 0 0 0 0 1
22 -52.02 -40.137 18.0 13.0 388 419.5 451 482.5 514 1 5 0 0 1 0 0 0 1 1 0 0
23 39.27 12.787 4.0 14.0 72 106.2 140.5 174.8 209 1 55 0 0 0 0 0 0 1 1 0 0
24 19.757 21.228 3.0 17.0 432 459.5 487 514.5 542 1 75 0 0 0 0 0 0 0 0 0 0
25 -23.071 -12.659 12.0 25.0 288 316.2 344.5 372.8 401 0 92 0 1 1 0 1 1 0 0 1 1
26 15.686 52.374 5.0 1.0 142 171 200 229 258 1 75 0 0 1 0 0 0 0 0 1 0
27 58.771 -7.056 8.0 9.0 220 254.5 289 323.5 358 1 48 1 1 0 0 0 0 1 0 0 1
28 -33.087 72.266 14.0 12.0 406 448.8 491.5 534.2 577 1 92 0 0 0 0 0 0 0 0 0 0
29 2.551 46.851 10.0 22.0 414 455 496 537 578 1 17 0 0 0 0 0 1 0 0 0 1
30 -18.719 73.126 14.0 2.0 108 141.5 175 208.5 242 1 34 0 0 0 0 0 0 0 1 0 1
31 -67.627 -20.679 19.0 21.0 104 136.2 168.5 200.8 233 1 58 0 1 0 0 0 0 0 0 0 0
32 -76.862 -11.365 20.0 8.0 264 295 326 357 388 1 61 0 0 0 0 0 0 0 0 0 0
33 -24.194 -38.263 21.0 19.0 153 183 213 243 273 1 41 0 0 0 1 0 1 0 0 0 0
34 -20.374 -31.903 11.0 24.0 421 445.5 470 494.5 519 1 43 0 0 0 0 1 0 0 0 0 1
35 9.29 39.618 14.0 24.0 211 247.5 284 320.5 357 1 45 1 1 0 0 0 0 1 0 1 0
36 26.044 35.974 6.0 2.0 398 437 476 515 554 1 92 0 1 0 0 0 0 0 1 0 1
37 -57.385 -45.264 7.0 20.0 145 171.8 198.5 225.2 252 1 61 1 0 0 0 1 0 0 0 1 0
38 1.489 -62.592 3.0 20.0 147 171.5 196 220.5 245 1 71 1 0 1 1 0 0 1 0 0 0
39 34.937 13.672 22.0 5.0 74 113.2 152.5 191.8 231 1 25 0 0 0 0 0 0 0 0 0 0
40 -22.29 45.648 21.0 17.0 317 341.8 366.5 391.2 416 1 8 1 1 0 0 1 0 0 0 0 1
41 -5.92 44.061 12.0 4.0 235 273 311 349 387 1 78 0 0 0 0 0 1 0 0 0 0
42 -38.446 -23.541 1.0 21.0 479 503.2 527.5 551.8 576 1 7 0 0 0 0 1 1 0 0 0 0
43 28.894 33.936 11.0 3.0 472 496.5 521 545.5 570 1 74 1 0 0 0 0 0 0 0 1 0
44 -35.388 -5.341 12.0 16.0 141 177.5 214 250.5 287 1 35 0 0 0 0 1 0 0 0 0 0
45 -19.501 13.519 19.0 14.0 171 196.5 222 247.5 273 1 17 0 1 0 0 1 0 0 0 0 0
46 -9.216 -30.988 8.0 6.0 327 357.5 388 418.5 449 1 78 0 0 1 0 0 0 0 0 0 0
47 -22.131 -17.065 11.0 5.0 98 129.2 160.5 191.8 223 1 79 1 0 0 0 0 0 0 0 1 0
48 -22.827 36.81 18.0 12.0 366 403.2 440.5 477.8 515 1 81 0 0 0 1 0 0 0 1 1 0
49 -61.365 -18.463 6.0 23.0 244 273 302 331 360 0 45 0 0 0 0 0 0 0 0 0 0
50 50.128 -66.046 3.0 12.0 256 285.8 315.5 345.2 375 1 21 0 0 0 0 0 0 0 0 1 1
51 25.647 24.139 6.0 18.0 174 196.5 219 241.5 264 1 57 0 0 0 0 0 0 0 0 0 0
52 65.521 42.81 10.0 24.0 312 344 376 408 440 1 76 0 0 1 0 0 0 0 0 0 0
53 -60.956 -47.925 7.0 3.0 197 226 255 284 313 1 82 0 1 0 0 0 0 0 0 0 0
54 -9.07 42.798 17.0 3.0 66 96.2 126.5 156.8 187 1 55 0 0 0 0 0 0 0 0 0 0
55 -19.061 4.48 12.0 25.0 175 207 239 271 303 0 44 0 0 1 0 0 0 0 1 0 1
56 -54.071 -3.87 11.0 22.0 300 324 348 372 396 1 5 0 0 1 0 0 0 0 0 0 0
57 -25.598 -18.866 15.0 25.0 181 221.8 262.5 303.2 344 1 16 1 0 0 0 1 1 0 0 0 0
58 -18.707 84.296 6.0 15.0 106 150 194 238 282 1 79 0 0 0 0 0 0 0 1 0 0
59 -70.184 -39.166 13.0 18.0 235 263.2 291.5 319.8 348 1 37 0 0 0 0 0 0 0 0 0 0
60 -14.636 -0.446 3.0 8.0 416 459.8 503.5 547.2 591 0 17 0 0 0 0 0 0 0 0 0 0
61 -76.465 -38.922 23.0 20.0 399 437.8 476.5 515.2 554 1 45 0 1 0 0 0 0 0 0 0 0
62 44.092 12.433 24.0 18.0 430 461.2 492.5 523.8 555 1 2 0 0 1 0 1 1 0 0 0 0
63 -22.772 -50.867 22.0 5.0 132 164 196 228 260 1 39 0 0 1 0 0 0 0 0 0 0
64 19.104 44.672 11.0 25.0 65 98.2 131.5 164.8 198 1 25 0 0 0 0 0 1 0 0 0 0
65 -44.019 -39.935 24.0 16.0 280 303.2 326.5 349.8 373 1 24 0 0 0 0 0 0 0 0 0 1
66 -2.972 -4.059 8.0 14.0 323 358.5 394 429.5 465 1 26 0 0 0 0 0 1 0 0 0 0
67 -24.261 35.907 22.0 1.0 323 366.2 409.5 452.8 496 1 12 0 1 0 0 0 0 0 0 0 0
68 -61.877 -73.901 11.0 15.0 409 437.2 465.5 493.8 522 1 96 0 0 0 1 0 1 0 1 0 0
69 -5.64 -26.721 6.0 22.0 113 141.5 170 198.5 227 0 71 0 0 1 0 0 0 0 0 0 1
70 45.844 -36.835 10.0 6.0 297 329.5 362 394.5 427 1 44 0 0 0 0 1 0 0 0 0 1
71 -51.746 -79.84 10.0 24.0 411 452 493 534 575 1 59 0 0 0 1 1 0 0 0 1 0
72 -33.008 10.992 20.0 19.0 453 487.2 521.5 555.8 590 1 6 0 0 0 0 0 0 0 1 0 0
73 -25.653 -0.372 2.0 12.0 119 146.2 173.5 200.8 228 0 4 0 0 0 0 0 0 0 0 1 1
74 -21.497 61.487 18.0 13.0 249 285.5 322 358.5 395 1 11 0 1 0 0 0 0 1 0 1 0
75 2.032 26.727 8.0 10.0 67 104.8 142.5 180.2 218 1 64 0 0 0 1 0 0 0 0 0 0
76 -26.758 14.807 13.0 12.0 224 249.2 274.5 299.8 325 0 74 0 0 0 0 0 0 0 0 0 0
77 -37.256 -44.861 8.0 13.0 302 346 390 434 478 0 44 0 1 1 0 1 0 0 0 1 0
78 -0.861 -16.418 8.0 25.0 88 122.2 156.5 190.8 225 0 30 0 1 0 0 0 1 1 0 0 0
79 -51.16 34.967 18.0 12.0 338 368 398 428 458 1 79 0 1 1 1 0 0 0 0 0 0
80 -41.266 -76.886 17.0 2.0 109 147.2 185.5 223.8 262 1 86 0 1 1 0 0 0 0 0 0 0
81 -30.255 74.701 10.0 11.0 248 280.8 313.5 346.2 379 1 80 0 1 0 0 1 0 0 0 0 0
82 -46.368 -1.514 23.0 10.0 318 357.5 397 436.5 476 1 4 0 0 0 0 1 1 0 0 0 1
83 -71.619 73.077 3.0 9.0 263 287.8 312.5 337.2 362 1 59 0 0 0 0 0 0 0 0 0 1
84 -46.606 -39.948 25.0 21.0 145 175.8 206.5 237.2 268 1 99 0 0 1 0 0 0 0 1 1 0
85 -30.243 67.102 4.0 14.0 141 171 201 231 261 1 74 0 1 1 0 1 1 0 1 0 0
86 -40.997 -43.036 25.0 15.0 452 474.5 497 519.5 542 1 76 0 1 0 0 0 1 0 0 0 0
87 -74.286 -52.307 5.0 6.0 172 201 230 259 288 1 16 1 0 0 0 0 0 0 0 0 0
88 -17.609 -71.851 9.0 25.0 98 137 176 215 254 1 93 0 0 0 0 0 1 0 0 0 0
89 2.35 -81.805 18.0 14.0 452 477 502 527 552 1 52 0 0 0 0 0 0 0 1 0 0
90 -85.486 -54.059 16.0 17.0 331 357.5 384 410.5 437 1 35 1 0 0 0 1 0 1 0 1 0
91 23.822 10.571 16.0 8.0 302 327 352 377 402 1 28 0 1 0 0 0 0 0 0 0 0
92 -24.53 -31.726 22.0 4.0 327 355 383 411 439 1 8 0 0 0 0 0 0 1 0 0 0
93 -42.474 -15.009 2.0 17.0 329 370.5 412 453.5 495 0 76 0 1 1 1 1 0 1 0 0 0
94 -33.624 50.33 22.0 23.0 115 138.5 162 185.5 209 1 26 0 0 0 0 0 0 1 0 0 0
95 -81.458 -41.565 11.0 4.0 207 230 253 276 299 1 27 0 0 0 0 0 0 0 0 0 0
96 -73.505 -48.279 24.0 4.0 75 119.5 164 208.5 253 1 52 1 0 0 0 0 0 0 0 0 0
97 -3.052 70.898 17.0 9.0 124 148.2 172.5 196.8 221 1 45 0 0 0 0 1 0 0 0 1 0
98 0.946 25.458 12.0 9.0 236 260.8 285.5 310.2 335 1 69 0 0 0 0 0 0 0 0 0 0
99 -54.144 13.525 1.0 19.0 216 245.8 275.5 305.2 335 1 65 1 1 0 0 0 1 1 0 0 0
100 -30.634 7.526 23.0 12.0 329 369.2 409.5 449.8 490 1 15 0 0 0 0 0 0 0 0 0 0
101 -68.335 -34.277 4.0 25.0 93 120.8 148.5 176.2 204 1 89 1 0 0 1 0 0 0 0 0 1
102 7.178 57.935 15.0 8.0 446 490 534 578 622 1 30 1 0 1 1 1 0 0 0 0 0
103 4.712 48.669 15.0 13.0 308 336 364 392 420 1 49 1 0 0 0 0 1 0 0 0 0
104 58.087 26.379 12.0 3.0 329 369 409 449 489 1 17 0 0 0 0 1 0 0 1 0 1
105 18.347 34.784 21.0 6.0 307 336 365 394 423 1 56 1 0 1 0 0 0 0 0 0 0
106 -44.629 -61.975 21.0 11.0 81 104.2 127.5 150.8 174 1 72 0 0 1 0 0 0 0 0 0 1
107 5.231 26.068 15.0 24.0 209 240.2 271.5 302.8 334 1 13 1 0 0 1 0 1 0 0 0 1
108 -48.065 -36.755 21.0 16.0 319 346.8 374.5 402.2 430 1 67 0 0 0 0 1 0 0 0 0 1
109 -3.589 -27.734 19.0 21.0 78 121.2 164.5 207.8 251 1 16 0 0 0 1 0 1 1 0 0 0
110 9.808 36.896 11.0 25.0 367 402.5 438 473.5 509 1 80 1 0 0 0 0 1 0 0 0 1
111 59.46 1.233 3.0 10.0 268 300.8 333.5 366.2 399 1 61 0 0 0 1 0 0 0 0 1 1
112 -47.522 19.873 12.0 2.0 473 514.2 555.5 596.8 638 1 28 0 0 0 0 0 1 0 0 0 0
113 -48.431 -50.317 4.0 13.0 287 331.8 376.5 421.2 466 1 56 1 0 0 0 0 0 0 0 0 0
114 44.666 20.953 2.0 14.0 377 404.2 431.5 458.8 486 1 81 0 0 0 0 0 0 0 0 0 1
115 -19.226 32.77 9.0 19.0 181 213.8 246.5 279.2 312 1 65 1 0 0 0 1 0 0 0 0 0
116 -15.662 17.462 21.0 16.0 182 212.5 243 273.5 304 1 88 0 0 0 0 0 0 0 0 0 0
117 -91.669 77.722 17.0 23.0 191 221.2 251.5 281.8 312 1 16 1 0 0 0 0 0 0 0 0 1
118 -30.035 -78.284 22.0 13.0 76 112.8 149.5 186.2 223 1 88 1 0 0 0 0 1 1 0 0 0
119 73.663 32.941 24.0 24.0 184 212 240 268 296 1 74 1 0 1 0 0 0 0 1 0 0
120 22.4 -60.083 2.0 17.0 232 268 304 340 376 1 7 0 0 0 0 0 0 0 1 0 1
121 61.206 -13.501 25.0 8.0 478 503.8 529.5 555.2 581 1 10 0 0 0 1 0 0 0 0 1 0
122 22.131 -50.012 21.0 12.0 368 411.8 455.5 499.2 543 1 87 0 0 0 1 0 1 0 0 0 1
123 -6.317 56.665 11.0 6.0 96 128.8 161.5 194.2 227 1 48 1 0 0 0 0 0 0 0 0 0
124 -20.471 12.885 23.0 20.0 308 349.8 391.5 433.2 475 1 22 0 0 0 0 1 1 0 0 0 1
125 -61.084 -44.769 4.0 20.0 393 423.8 454.5 485.2 516 1 79 0 1 0 0 1 0 0 0 0 0
126 -9.576 -19.366 1.0 24.0 160 185 210 235 260 1 23 1 0 0 0 0 0 0 0 0 1
127 5.627 -88.501 15.0 10.0 403 442 481 520 559 1 67 0 1 0 0 0 0 0 0 0 1
128 -2.618 22.131 20.0 18.0 226 262.8 299.5 336.2 373 1 34 0 0 0 0 0 0 0 0 1 0
129 40.497 32.343 8.0 10.0 268 309.8 351.5 393.2 435 1 87 0 0 1 0 0 0 1 1 1 0
130 -3.296 36.774 4.0 15.0 80 102.8 125.5 148.2 171 1 57 1 1 0 1 0 0 0 0 0 0
131 -50.995 19.781 12.0 12.0 353 386.8 420.5 454.2 488 1 16 1 0 0 0 1 0 0 0 0 0
132 -70.52 -3.809 23.0 22.0 277 316.8 356.5 396.2 436 1 79 0 0 0 0 0 1 0 0 0 0
133 4.205 0.812 25.0 11.0 222 258.8 295.5 332.2 369 1 95 0 1 0 0 0 0 0 1 0 1
134 9.955 26.337 5.0 14.0 279 316.5 354 391.5 429 1 9 1 0 0 0 0 0 1 0 0 0
135 13.538 -21.313 15.0 9.0 204 247 290 333 376 1 52 0 0 0 1 0 0 0 0 0 0
136 -21.869 -18.768 2.0 6.0 245 289.5 334 378.5 423 0 15 0 0 0 0 0 0 1 1 0 0
137 -37.158 -30.768 22.0 23.0 68 105.5 143 180.5 218 1 95 0 0 0 1 0 0 0 0 0 0
138 -86.975 10.345 16.0 8.0 264 287 310 333 356 1 59 0 0 1 1 0 0 1 1 0 0
139 -47.272 -46.326 23.0 22.0 469 498.5 528 557.5 587 1 84 1 0 0 0 0 0 0 0 0 0
140 4.095 -19.354 13.0 7.0 70 109.5 149 188.5 228 1 92 0 1 0 0 0 0 0 0 0 1
141 4.205 30.292 7.0 15.0 425 468.8 512.5 556.2 600 1 2 0 1 0 0 1 0 0 0 0 0
142 -42.017 53.986 20.0 22.0 374 418 462 506 550 1 16 0 0 0 0 0 0 0 0 0 0
143 35.095 -10.895 25.0 7.0 274 297.2 320.5 343.8 367 1 20 0 1 0 1 0 0 0 0 0 0
144 61.188 -59.875 12.0 14.0 448 483.2 518.5 553.8 589 1 7 0 0 1 0 0 1 0 0 0 1
145 -34.674 -1.337 9.0 21.0 421 465.5 510 554.5 599 0 42 0 0 0 0 0 0 0 0 0 0
