4 216 4063 27 21 8 16 20 13 13 17 17 17
0 3.871 -2.597 0.0 0.0 0 1000
2 -41.235 -66.357 14.0 3.0 400 437 474 511 548 1 51 0 0 0 0 0 0 1 1 0 1
3 34.064 -59.357 16.0 16.0 396 437.8 479.5 521.2 563 1 46 0 1 0 0 0 1 0 1 0 1
4 20.917 -52.582 17.0 8.0 60 102.5 145 187.5 230 1 37 0 1 1 0 1 0 0 0 1 0
5 -38.538 -37.396 19.0 15.0 314 355 396 437 478 1 17 0 0 0 0 0 0 0 0 1 1
6 41.058 22.931 6.0 12.0 400 443 486 529 572 0 5 0 1 0 0 0 0 0 0 0 0
7 -54.034 -53.131 7.0 13.0 374 412 450 488 526 1 47 0 0 0 0 0 1 0 1 0 0
8 8.099 80.725 3.0 8.0 391 427.2 463.5 499.8 536 1 17 0 0 0 0 0 1 0 0 0 0
9 81.299 13.409 10.0 24.0 239 269.2 299.5 329.8 360 1 36 0 0 0 0 0 0 0 0 0 0
10 14.459 -2.972 4.0 14.0 401 432.8 464.5 496.2 528 0 12 0 0 1 0 0 1 0 0 0 0
11 -52.539 60.107 17.0 17.0 462 505.8 549.5 593.2 637 1 38 1 0 0 0 1 1 0 0 0 1
12 -57.202 -34.229 10.0 8.0 181 203.5 226 248.5 271 1 77 0 0 0 0 0 0 0 0 0 1
13 -65.552 -40.222 13.0 11.0 386 422 458 494 530 1 5 0 0 0 0 0 0 0 0 0 0
14 -19.751 -10.278 20.0 8.0 433 475 517 559 601 1 91 0 0 1 0 0 1 0 1 0 0
15 -26.965 -87.012 6.0 17.0 157 190 223 256 289 1 28 0 0 0 0 0 0 0 0 0 0
16 3.192 -88.654 18.0 19.0 331 371 411 451 491 1 67 0 0 0 1 0 0 0 0 0 0
17 34.521 32.837 3.0 13.0 354 397.5 441 484.5 528 1 87 0 0 0 0 1 0 1 0 0 0
18 80.035 5.273 10.0 2.0 381 411.2 441.5 471.8 502 1 19 0 1 0 0 0 0 0 1 0 1
19 -39.838 -67.731 4.0 8.0 131 157 183 209 235 1 90 1 0 0 0 0 0 0 0 0 0
20 14.6 11.365 15.0 21.0 470 492.8 515.5 538.2 561 0 97 1 0 0 0 1 0 0 0 0 0
21 -20.99 -80.511 4.0 13.0 411 446.2 481.5 516.8 552 1 41 1 0 0 0 0 0 1 0 0 1
22 48.242 47.284 6.0 17.0 392 430 468 506 544 1 0 0 0 0 1 0 0 0 0 0 0
23 59.338 -31.86 19.0 4.0 417 457 497 537 577 1 18 1 1 0 1 1 0 0 0 0 0
24 -13.995 -45.624 7.0 22.0 269 292 315 338 361 1 63 0 0 0 0 1 1 0 0 0 0
25 32.397 -32.532 20.0 24.0 385 414.8 444.5 474.2 504 1 15 0 0 0 0 0 0 0 1 0 1
26 2.826 50.824 12.0 11.0 164 207 250 293 336 1 37 0 0 0 0 0 0 0 0 0 0
27 -66.077 -34.686 8.0 6.0 424 461.8 499.5 537.2 575 1 26 0 0 1 0 0 1 0 1 0 0
28 -13.66 18.64 18.0 19.0 81 106 131 156 181 0 19 1 0 0 0 0 0 0 0 0 0
29 -59.344 12.769 1.0 11.0 386 413.5 441 468.5 496 1 20 1 0 0 0 0 0 0 0 0 1
30 -5.133 -18.463 25.0 23.0 86 117.5 149 180.5 212 0 5 1 1 0 1 0 0 0 0 0 0
31 -22.961 -21.729 16.0 4.0 372 400.8 429.5 458.2 487 1 58 0 0 1 1 0 0 0 1 0 1
32 58.13 46.606 5.0 5.0 469 498.2 527.5 556.8 586 1 82 0 0 0 0 0 0 1 1 0 0
33 -49.603 -76.624 7.0 16.0 435 458.5 482 505.5 529 1 93 0 0 0 0 0 1 0 0 1 0
34 -4.803 43.036 20.0 2.0 424 467.8 511.5 555.2 599 1 57 0 0 1 0 0 1 0 1 0 0
35 68.616 -19.623 3.0 13.0 369 404.5 440 475.5 511 1 5 1 1 0 0 0 1 0 1 0 0
36 37.915 63.599 11.0 11.0 215 255 295 335 375 1 31 0 0 0 0 1 0 0 1 0 0
37 1.251 -26.55 15.0 9.0 244 280.8 317.5 354.2 391 1 8 0 0 0 0 1 0 1 0 0 0
38 -37.952 1.685 15.0 18.0 253 293.8 334.5 375.2 416 1 54 0 0 0 1 0 0 0 0 0 0
39 -40.503 8.038 8.0 7.0 476 508 540 572 604 1 47 0 0 1 0 0 0 1 0 0 1
40 -8.392 -38.678 13.0 24.0 374 404 434 464 494 0 85 0 0 0 0 0 0 0 0 0 1
41 -36.725 25.494 16.0 5.0 413 439.8 466.5 493.2 520 1 32 0 0 0 0 0 0 0 0 1 0
42 -47.754 -50.073 4.0 2.0 320 353.2 386.5 419.8 453 1 43 0 0 0 0 0 0 0 1 0 1
43 22.595 -28.357 9.0 5.0 100 138.2 176.5 214.8 253 1 14 0 0 0 0 0 0 1 0 0 0
44 -36.365 -48.163 5.0 5.0 71 108.5 146 183.5 221 1 2 0 1 0 0 0 0 0 1 0 0
45 75.452 -13.422 20.0 3.0 432 462.8 493.5 524.2 555 1 33 1 0 0 0 0 1 1 0 0 0
46 -64.52 -13.232 10.0 13.0 193 224.8 256.5 288.2 320 1 92 0 0 1 0 0 0 0 0 0 0
47 1.257 29.156 9.0 2.0 476 507 538 569 600 1 80 0 0 0 0 1 0 1 0 0 0
48 -1.569 -35.974 18.0 10.0 450 482.8 515.5 548.2 581 1 9 0 0 0 0 1 1 0 1 0 0
49 46.747 6.696 13.0 12.0 189 217.8 246.5 275.2 304 1 40 0 0 0 0 0 0 1 0 0 0
50 82.08 27.057 17.0 24.0 177 213.8 250.5 287.2 324 1 33 1 0 0 0 0 0 0 0 0 0
51 74.695 19.366 22.0 21.0 172 205.8 239.5 273.2 307 0 51 0 0 0 0 0 0 0 0 1 0
52 47.015 9.338 5.0 18.0 367 400.8 434.5 468.2 502 0 20 0 0 0 0 1 0 0 0 1 0
53 -62.036 -21.326 12.0 5.0 389 419.8 450.5 481.2 512 1 94 0 0 1 0 0 0 0 0 1 0
54 9.192 20.038 4.0 15.0 454 480.8 507.5 534.2 561 0 38 0 1 0 0 1 0 0 0 1 0
55 -3.094 21.582 5.0 11.0 410 452.8 495.5 538.2 581 1 84 0 0 0 1 0 0 0 0 0 0
56 -75.446 13.086 22.0 7.0 237 270.8 304.5 338.2 372 1 47 0 0 1 0 0 0 1 0 0 1
57 10.034 -63.739 7.0 3.0 176 201.2 226.5 251.8 277 1 74 0 0 1 1 0 0 0 0 0 0
58 71.814 26.501 12.0 17.0 379 412.8 446.5 480.2 514 1 42 1 0 0 0 0 1 0 0 0 1
59 18.842 -38.019 10.0 14.0 462 506.5 551 595.5 640 0 34 1 0 0 0 0 0 1 0 0 0
60 -10.541 -31.305 18.0 14.0 138 181.5 225 268.5 312 1 80 0 0 1 0 0 1 0 0 0 0
61 8.252 -91.15 17.0 7.0 384 423.8 463.5 503.2 543 1 44 0 0 0 0 0 0 0 0 0 1
62 72.821 -38.916 3.0 12.0 458 493 528 563 598 1 12 0 0 0 0 0 1 0 0 1 0
63 -30.157 38.776 1.0 5.0 347 373.8 400.5 427.2 454 1 90 0 0 0 0 1 0 0 1 0 1
64 -56.256 -5.548 9.0 11.0 192 229.2 266.5 303.8 341 1 24 0 0 0 0 0 1 0 0 0 0
65 -8.398 -37.604 12.0 17.0 222 260.2 298.5 336.8 375 0 19 0 1 0 1 1 0 0 0 0 1
66 15.021 13.708 4.0 3.0 272 295 318 341 364 0 14 0 0 0 0 1 0 0 1 0 0
67 -60.199 24.292 2.0 7.0 323 357 391 425 459 1 90 1 0 0 0 0 0 0 1 0 0
68 -13.794 -27.106 18.0 13.0 250 282.5 315 347.5 380 0 40 0 1 1 1 1 1 0 0 0 0
69 -34.796 -22.205 23.0 20.0 412 453.8 495.5 537.2 579 1 59 0 0 0 0 0 0 0 1 0 0
70 69.641 83.057 14.0 13.0 350 377 404 431 458 1 71 0 0 0 1 0 0 1 0 0 1
71 -44.44 30.09 6.0 4.0 119 158.5 198 237.5 277 1 11 1 0 0 0 0 0 0 1 0 0
72 48.633 3.021 1.0 3.0 163 194.5 226 257.5 289 1 58 0 1 0 0 0 0 0 0 0 1
73 -15.314 51.709 6.0 24.0 193 215.8 238.5 261.2 284 1 26 0 0 1 0 0 0 0 1 1 0
74 36.261 26.782 6.0 23.0 416 457.5 499 540.5 582 0 66 0 1 0 1 0 0 1 0 1 0
75 59.961 24.31 8.0 21.0 423 462 501 540 579 1 36 0 0 0 0 0 0 0 0 0 1
76 55.304 6.628 25.0 23.0 202 229 256 283 310 1 34 0 0 1 0 0 0 0 0 0 1
77 39.96 48.297 3.0 10.0 354 396 438 480 522 1 14 1 1 0 0 1 0 0 0 0 0
78 -48.895 -71.1 3.0 21.0 308 351.8 395.5 439.2 483 1 49 1 0 0 0 0 0 0 1 1 1
79 -2.338 -62.909 16.0 24.0 325 354.8 384.5 414.2 444 0 8 1 0 0 1 1 0 0 0 0 1
80 9.491 -41.901 5.0 9.0 388 417 446 475 504 0 80 0 0 0 0 0 0 1 0 0 1
81 -54.675 -18.439 6.0 22.0 129 152.2 175.5 198.8 222 1 57 1 0 0 1 0 0 0 0 0 1
82 10.98 -7.605 6.0 3.0 225 252.5 280 307.5 335 1 6 0 0 0 0 0 0 0 0 0 0
83 -69.824 -50.354 16.0 6.0 383 414.8 446.5 478.2 510 1 35 1 0 0 0 0 1 0 0 0 0
84 -40.308 -7.452 6.0 11.0 382 424.5 467 509.5 552 1 80 1 1 0 0 1 0 0 0 0 0
85 62.244 43.628 13.0 10.0 130 173 216 259 302 1 31 0 0 1 0 0 0 0 0 0 0
86 29.077 63.116 4.0 15.0 282 319.5 357 394.5 432 1 67 1 0 0 1 0 0 0 1 0 1
87 -12.067 -21.509 12.0 9.0 382 420.2 458.5 496.8 535 1 46 0 0 0 0 1 0 0 0 0 0
88 14.728 28.906 15.0 20.0 392 434.8 477.5 520.2 563 1 69 0 0 0 1 0 0 0 0 0 0
89 -63.086 -60.114 10.0 19.0 397 430 463 496 529 1 36 1 1 0 0 0 0 1 0 0 1
90 33.655 -0.928 19.0 19.0 227 268.8 310.5 352.2 394 0 93 0 0 0 0 1 0 0 0 0 0
91 -12.225 14.148 19.0 19.0 193 223.5 254 284.5 315 1 58 0 0 0 0 0 0 0 0 0 0
92 -89.966 51.514 1.0 20.0 121 159 197 235 273 1 68 0 1 0 0 0 0 0 0 1 0
93 -0.763 41.339 22.0 1.0 282 323 364 405 446 1 10 0 0 0 0 0 0 0 0 0 0
94 80.695 32.983 20.0 15.0 155 180.8 206.5 232.2 258 1 85 0 1 0 0 0 0 0 1 0 0
95 -53.394 -14.24 5.0 18.0 368 404.8 441.5 478.2 515 1 56 1 1 0 0 1 0 0 0 0 0
96 -53.284 -64.136 12.0 2.0 404 442.2 480.5 518.8 557 1 72 1 0 0 0 0 1 0 0 0 0
97 73.26 10.669 4.0 25.0 176 215.2 254.5 293.8 333 1 82 1 0 0 0 1 0 0 1 0 0
98 59.613 13.452 12.0 20.0 117 157.2 197.5 237.8 278 1 10 0 0 0 1 0 0 0 0 0 0
99 -37.012 6.476 8.0 18.0 372 400 428 456 484 1 87 1 1 0 1 0 0 0 0 1 0
100 -53.656 21.692 10.0 8.0 376 399.5 423 446.5 470 1 32 0 0 0 1 0 0 0 0 0 0
101 -36.89 18.372 2.0 3.0 448 471.8 495.5 519.2 543 1 25 0 1 0 0 0 0 0 1 0 0
102 -4.608 -13.806 25.0 2.0 314 357 400 443 486 1 8 0 0 0 0 0 0 0 0 0 0
103 53.802 36.993 14.0 15.0 336 374.2 412.5 450.8 489 1 93 1 0 0 0 1 1 0 0 0 1
104 48.468 -66.04 20.0 21.0 258 299.8 341.5 383.2 425 1 85 0 1 0 0 0 0 0 1 0 0
105 -46.393 -20.929 11.0 6.0 127 167.8 208.5 249.2 290 0 81 0 1 0 0 0 0 0 0 0 0
106 -15.045 -40.845 4.0 24.0 177 206.5 236 265.5 295 1 26 0 1 0 0 0 0 0 0 0 0
107 -73.621 -9.552 6.0 19.0 443 477 511 545 579 1 71 0 0 0 0 0 0 1 0 1 1
108 92.847 45.587 8.0 23.0 104 140.2 176.5 212.8 249 1 6 0 0 0 0 0 0 0 0 1 0
109 33.557 28.064 5.0 16.0 359 393.2 427.5 461.8 496 0 75 0 0 0 0 0 0 0 0 0 0
110 47.321 24.414 3.0 16.0 135 162 189 216 243 0 36 1 0 0 0 0 0 0 0 1 0
111 -6.61 -30.157 4.0 9.0 474 500.8 527.5 554.2 581 1 45 0 0 0 0 0 0 0 0 0 0
112 12.103 23.84 24.0 1.0 384 411.2 438.5 465.8 493 1 91 0 0 0 1 0 1 0 0 1 1
113 -61.963 26.239 4.0 10.0 458 481.5 505 528.5 552 0 44 0 1 1 0 1 0 1 1 0 0
114 23.877 9.808 11.0 14.0 174 214 254 294 334 1 99 1 0 0 0 0 1 0 0 0 0
115 49.78 6.866 23.0 11.0 352 380 408 436 464 1 67 0 1 0 1 0 0 0 0 0 0
116 -53.021 -21.484 1.0 4.0 200 224.5 249 273.5 298 1 61 1 0 0 0 0 0 0 1 1 0
117 54.962 2.985 15.0 23.0 420 454.2 488.5 522.8 557 1 78 0 0 0 0 0 1 0 0 1 0
118 4.865 -69.586 12.0 23.0 235 273.8 312.5 351.2 390 1 57 0 0 0 0 0 1 0 0 1 0
119 33.948 45.209 10.0 22.0 420 463.8 507.5 551.2 595 1 14 1 0 0 0 0 0 0 1 0 0
120 -32.166 -23.621 24.0 11.0 290 314 338 362 386 1 39 0 0 0 0 0 0 0 1 0 0
121 -17.548 -46.765 5.0 14.0 233 257.8 282.5 307.2 332 1 53 0 0 0 0 1 0 0 1 0 0
122 31.744 33.972 23.0 12.0 353 387 421 455 489 1 2 0 0 0 0 1 0 0 0 0 0
123 45.374 22.131 15.0 13.0 203 226.2 249.5 272.8 296 1 70 0 0 0 0 1 0 0 0 1 0
124 -5.219 -23.114 6.0 11.0 296 321.5 347 372.5 398 1 54 0 0 1 0 1 0 0 0 0 0
125 -51.056 -46.545 20.0 9.0 183 218.2 253.5 288.8 324 1 50 0 0 0 0 0 0 0 0 1 0
126 11.774 11.133 13.0 6.0 110 146.5 183 219.5 256 1 58 0 1 0 0 0 0 0 0 0 0
127 -39.758 -13.019 3.0 25.0 260 288.8 317.5 346.2 375 0 41 0 0 1 0 0 0 0 0 0 0
128 27.93 29.321 3.0 21.0 401 426.2 451.5 476.8 502 0 59 0 0 0 0 0 1 0 1 0 1
129 33.74 66.595 25.0 13.0 478 519 560 601 642 0 6 1 0 0 0 0 0 0 1 0 1
130 -91.815 29.858 15.0 23.0 343 380.8 418.5 456.2 494 1 98 0 0 0 0 0 0 0 0 0 0
131 -24.628 -68.701 6.0 8.0 420 462.2 504.5 546.8 589 1 13 0 1 0 0 0 0 0 0 1 0
132 44.659 20.465 4.0 7.0 176 203 230 257 284 1 43 1 0 1 0 0 1 0 1 1 1
133 45.447 -21.069 14.0 8.0 189 217.8 246.5 275.2 304 1 46 0 0 0 0 0 1 0 0 1 0
134 -37.366 -12.097 15.0 9.0 397 427 457 487 517 1 45 0 0 0 0 0 1 0 0 1 1
135 41.998 0.153 17.0 2.0 269 309.8 350.5 391.2 432 1 96 1 0 0 0 0 0 0 0 0 1
136 -42.822 -30.17 12.0 24.0 111 140.2 169.5 198.8 228 0 36 0 0 0 0 0 0 0 0 0 0
137 34.906 -4.578 2.0 7.0 132 156.5 181 205.5 230 1 26 1 0 0 0 0 0 0 1 0 0
138 -65.137 -43.079 11.0 23.0 147 173.2 199.5 225.8 252 1 59 0 0 0 1 0 0 0 0 0 1
139 20.27 -4.999 5.0 21.0 222 244.8 267.5 290.2 313 1 97 0 0 0 0 0 0 0 0 0 0
140 -36.731 -8.929 20.0 12.0 356 387.8 419.5 451.2 483 1 26 1 1 0 0 0 0 0 0 0 0
141 -26.984 -19.568 16.0 23.0 443 471.8 500.5 529.2 558 1 31 1 0 0 1 0 0 1 0 0 1
142 -31.299 -83.813 13.0 18.0 85 116.8 148.5 180.2 212 1 87 1 0 0 0 1 0 1 1 0 1
143 -26.794 12.506 9.0 5.0 224 255.2 286.5 317.8 349 1 86 0 0 1 0 0 0 0 1 0 0
144 -39.362 -58.521 23.0 15.0 466 503.8 541.5 579.2 617 1 10 0 1 1 0 0 0 0 1 0 0
145 -34.369 0.61 11.0 11.0 410 448.5 487 525.5 564 1 37 1 0 1 0 0 0 0 0 0 1
146 43.372 4.187 14.0 8.0 300 333 366 399 432 1 7 0 0 0 0 0 1 0 1 1 0
147 -38.226 -9.448 3.0 2.0 298 339 380 421 462 1 1 0 0 1 0 0 0 0 0 0 0
148 -25.61 -99.237 9.0 6.0 140 173.5 207 240.5 274 1 42 0 0 1 0 1 0 1 1 0 0
149 48.059 29.517 21.0 23.0 150 172.8 195.5 218.2 241 1 42 0 0 0 0 0 0 0 1 0 1
150 -43.628 -32.318 24.0 9.0 458 490.8 523.5 556.2 589 1 50 0 1 0 0 0 0 1 0 0 0
151 -16.602 -29.327 4.0 1.0 402 445.2 488.5 531.8 575 1 84 1 0 0 0 1 0 0 0 0 0
152 -29.81 -12.408 18.0 12.0 118 147.5 177 206.5 236 1 79 1 0 0 1 0 0 0 0 0 0
153 -51.91 -28.711 10.0 17.0 334 362.5 391 419.5 448 1 83 0 0 0 0 0 1 0 0 0 0
154 -1.801 -18.671 3.0 2.0 353 387 421 455 489 1 51 0 1 0 0 0 1 0 0 0 0
155 18.738 21.399 4.0 5.0 448 486.8 525.5 564.2 603 0 90 1 0 0 0 0 0 0 0 1 0
156 60.12 7.788 25.0 1.0 298 332.8 367.5 402.2 437 1 33 0 0 0 0 0 0 0 0 0 0
157 43.079 42.017 3.0 20.0 396 433.8 471.5 509.2 547 1 65 1 0 0 0 0 0 1 0 0 1
158 -39.435 -5.902 22.0 19.0 209 253.8 298.5 343.2 388 1 17 0 0 0 0 0 0 0 1 0 0
159 -35.889 -16.034 19.0 13.0 60 88.2 116.5 144.8 173 0 63 0 0 0 0 0 0 0 0 0 0
160 -41.827 38.995 20.0 10.0 104 129.2 154.5 179.8 205 1 76 0 0 0 0 0 0 0 1 0 1
161 84.497 29.822 7.0 9.0 257 280.5 304 327.5 351 0 59 0 1 0 1 0 0 0 0 0 0
162 -17.56 -10.48 19.0 14.0 283 318.8 354.5 390.2 426 1 18 1 0 0 0 0 0 1 0 0 0
163 -48.383 -48.92 19.0 4.0 162 206.8 251.5 296.2 341 1 76 0 0 0 0 0 0 0 0 0 0
164 -49.335 -17.969 22.0 20.0 283 306.5 330 353.5 377 1 72 0 0 0 0 0 0 1 0 0 0
165 16.095 -2.49 4.0 17.0 104 128.8 153.5 178.2 203 1 90 1 0 0 0 0 0 1 1 0 0
166 65.527 14.026 25.0 19.0 219 248 277 306 335 1 42 1 0 0 0 1 0 0 1 0 1
167 -2.93 13.22 23.0 19.0 112 136.8 161.5 186.2 211 0 37 1 0 0 0 1 0 0 0 1 0
168 -18.768 -23.663 24.0 16.0 224 264.5 305 345.5 386 1 22 0 0 0 0 0 1 0 0 0 1
169 -91.095 -80.737 25.0 4.0 335 376.2 417.5 458.8 500 1 25 1 0 0 1 0 0 1 0 1 0
170 -21.088 -13.293 4.0 1.0 233 260.2 287.5 314.8 342 1 24 0 0 0 1 0 0 0 0 1 0
171 46.985 17.224 3.0 21.0 450 487.8 525.5 563.2 601 1 76 0 1 0 0 0 0 1 0 0 0
172 -61.957 -33.038 7.0 9.0 69 105.5 142 178.5 215 1 50 0 1 0 0 0 0 0 0 0 0
173 -9.003 -25.452 10.0 2.0 391 426 461 496 531 1 16 0 0 0 0 1 0 0 0 0 0
174 33.661 -7.666 10.0 24.0 356 385.2 414.5 443.8 473 1 12 0 1 0 0 0 1 1 0 0 0
175 -25.592 -10.84 23.0 1.0 344 385 426 467 508 1 84 0 0 0 0 0 1 0 0 0 0
176 36.56 -2.441 18.0 21.0 454 491 528 565 602 1 93 0 0 0 0 0 0 0 0 1 0
177 7.141 24.817 8.0 13.0 270 312.5 355 397.5 440 1 97 0 0 1 0 0 0 1 0 0 0
178 -43.17 -30.487 16.0 15.0 253 297.2 341.5 385.8 430 1 79 0 1 0 0 0 0 0 0 0 0
179 -21.228 0.751 4.0 4.0 230 263.8 297.5 331.2 365 1 70 1 0 1 0 0 0 1 1 0 1
180 19.696 10.767 14.0 10.0 309 353 397 441 485 1 8 0 0 0 0 0 0 0 0 0 0
181 -6.494 -29.425 23.0 19.0 104 141.8 179.5 217.2 255 0 56 0 0 0 0 0 0 1 0 0 0
182 54.388 8.63 17.0 1.0 468 501.5 535 568.5 602 1 28 0 0 0 0 1 0 0 0 0 0
183 64.203 77.612 7.0 25.0 415 446.5 478 509.5 541 1 55 0 1 0 1 0 1 0 0 0 0
184 40.381 1.611 8.0 3.0 273 306 339 372 405 1 76 0 0 0 0 0 0 0 0 0 0
185 -41.711 -5.133 14.0 21.0 303 341.5 380 418.5 457 0 88 0 1 0 0 0 0 0 1 0 0
186 74.274 -19.922 22.0 7.0 452 483.8 515.5 547.2 579 1 78 0 0 0 0 0 1 0 0 0 0
187 -73.999 -54.626 7.0 18.0 256 292.8 329.5 366.2 403 1 86 1 0 0 0 1 0 0 0 0 0
188 29.706 15.454 16.0 3.0 391 429 467 505 543 1 82 0 0 1 0 0 0 0 0 0 1
189 23.785 12.177 24.0 1.0 183 213.5 244 274.5 305 1 17 0 0 0 0 1 0 1 0 1 0
190 42.578 45.325 15.0 2.0 125 163.8 202.5 241.2 280 1 68 0 0 0 0 0 0 0 0 1 0
191 -16.73 -16.559 15.0 8.0 431 459 487 515 543 1 61 0 0 0 0 1 0 0 1 0 0
192 -14.697 -0.116 5.0 10.0 69 101 133 165 197 1 15 1 0 0 0 0 0 0 0 0 0
193 -19.769 8.392 9.0 19.0 112 135 158 181 204 1 56 0 0 0 1 0 1 0 0 0 0
194 -30.267 14.893 24.0 17.0 319 363.2 407.5 451.8 496 1 49 0 0 1 0 0 1 0 0 0 1
195 -63.116 -67.462 6.0 19.0 340 377.8 415.5 453.2 491 1 88 0 0 0 0 0 0 0 0 0 0
196 86.029 38.916 3.0 24.0 278 306 334 362 390 0 12 0 0 0 0 0 0 0 0 1 0
197 79.48 -24.866 24.0 24.0 451 486.5 522 557.5 593 0 57 0 0 1 0 0 1 0 0 0 1
198 35.144 14.734 22.0 6.0 454 480.2 506.5 532.8 559 1 55 1 0 0 0 0 0 0 0 0 0
199 -49.365 -9.052 2.0 2.0 266 290.5 315 339.5 364 1 46 0 0 0 1 0 1 0 1 1 1
200 -49.475 -17.578 21.0 7.0 466 509.5 553 596.5 640 1 3 0 1 0 1 0 0 0 0 1 0
201 57.501 16.327 17.0 10.0 233 267.8 302.5 337.2 372 1 30 0 0 1 0 0 0 0 0 0 1
202 54.889 12.024 13.0 13.0 139 178 217 256 295 1 61 0 0 0 0 1 0 0 0 0 0
203 -53.027 -33.179 21.0 20.0 351 385 419 453 487 1 34 0 0 1 1 0 0 0 1 1 0
204 -0.415 16.644 3.0 1.0 242 281.5 321 360.5 400 1 41 0 1 1 1 0 0 0 0 0 0
205 21.594 16.144 9.0 17.0 199 228.2 257.5 286.8 316 1 38 0 0 1 0 0 1 1 0 0 1
206 -46.924 -49.261 14.0 17.0 98 123.2 148.5 173.8 199 1 86 0 0 0 0 0 1 0 0 0 0
207 18.457 19.733 9.0 16.0 136 178.8 221.5 264.2 307 0 46 0 0 0 0 0 0 0 0 1 0
208 35.822 19.763 3.0 9.0 376 411.2 446.5 481.8 517 1 77 0 0 0 0 0 0 0 0 1 0
209 71.869 29.034 22.0 25.0 114 158 202 246 290 1 52 0 1 0 0 0 0 0 0 0 0
210 -56.378 -42.755 13.0 1.0 311 343.2 375.5 407.8 440 1 46 0 1 0 0 0 1 1 0 0 1
211 -25.8 25.159 10.0 23.0 368 392.8 417.5 442.2 467 0 58 0 0 0 0 1 0 0 0 0 0
212 -5.676 33.85 7.0 10.0 184 226.8 269.5 312.2 355 1 3 0 0 0 1 0 0 0 0 0 1
213 54.041 -5.292 3.0 15.0 436 466.2 496.5 526.8 557 1 34 0 0 0 1 0 1 0 1 1 1
214 -63.074 27.38 11.0 25.0 412 455.2 498.5 541.8 585 0 49 0 0 0 0 0 0 1 0 0 0
215 -16.864 -49.768 17.0 25.0 338 375.5 413 450.5 488 0 39 1 1 0 1 0 0 1 1 0 0
216 47.919 13.629 15.0 16.0 99 140.5 182 223.5 265 1 75 0 0 0 0 0 0 0 0 0 0
217 -10.724 -2.075 4.0 1.0 372 410.2 448.5 486.8 525 1 9 1 0 0 1 0 0 0 0 0 1
