3 144 2828 12 7 11 9 17 10 14 11 11 9
0 -18.391 1.121 0.0 0.0 0 1000
2 -55.28 -24.371 25.0 9.0 392 422.5 453 483.5 514 1 58 0 0 0 0 0 1 0 0 0 0
3 -48.297 53.314 13.0 22.0 310 345.5 381 416.5 452 1 98 1 0 0 0 1 0 0 0 0 0
4 -49.072 -38.489 20.0 10.0 453 492.8 532.5 572.2 612 1 62 0 1 0 0 0 0 0 0 1 0
5 25.311 -18.561 16.0 24.0 472 505.2 538.5 571.8 605 0 6 0 0 0 0 0 1 0 0 0 0
6 -24.469 -3.815 4.0 25.0 169 193.5 218 242.5 267 0 10 1 0 1 0 0 0 0 0 0 1
7 24.591 -17.896 2.0 6.0 154 184 214 244 274 1 61 0 0 0 0 0 0 1 0 0 0
8 -10.419 60.364 7.0 22.0 97 139.2 181.5 223.8 266 0 86 0 0 0 1 1 0 1 0 0 0
9 38.177 -35.175 15.0 1.0 286 311 336 361 386 1 57 0 0 0 0 0 0 0 0 0 1
10 -68.28 93.073 10.0 19.0 185 212 239 266 293 1 70 0 0 0 0 0 1 1 0 1 1
11 -30.792 -57.336 4.0 19.0 467 499.2 531.5 563.8 596 1 56 0 0 0 0 0 0 0 1 1 1
12 -37.061 -12.122 19.0 5.0 346 368.5 391 413.5 436 1 76 0 0 0 1 0 0 0 0 1 0
13 -15.741 -47.638 10.0 9.0 455 492.2 529.5 566.8 604 1 32 0 0 0 0 1 0 0 0 1 0
14 -63.379 -22.919 15.0 8.0 277 308.8 340.5 372.2 404 1 13 0 1 0 0 0 0 0 0 0 0
15 -43.109 -43.439 4.0 14.0 436 467.5 499 530.5 562 1 82 0 0 1 0 1 0 0 0 0 0
16 -25.623 13.599 17.0 4.0 88 118 148 178 208 1 53 0 0 0 0 0 0 1 0 0 0
17 -2.625 16.632 4.0 7.0 301 335.8 370.5 405.2 440 1 30 0 0 0 0 0 0 0 0 1 0
18 -41.577 -28.497 3.0 10.0 144 171.2 198.5 225.8 253 1 32 0 0 1 0 0 1 1 0 1 1
19 2.081 12.885 9.0 22.0 396 426.8 457.5 488.2 519 1 30 0 0 0 0 1 0 0 0 0 0
20 3.925 -47.845 25.0 17.0 433 458 483 508 533 1 19 0 1 1 0 1 0 0 1 0 0
21 -83.295 26.324 14.0 10.0 203 243 283 323 363 1 38 0 0 0 0 0 0 0 0 0 0
22 -6.458 26.355 23.0 8.0 376 403.5 431 458.5 486 1 71 1 1 0 0 0 0 0 1 0 1
23 3.29 6.732 7.0 14.0 370 404 438 472 506 0 45 1 0 0 0 1 0 0 1 0 0
24 -34.869 30.426 7.0 12.0 244 266.8 289.5 312.2 335 1 96 0 0 0 0 1 0 0 0 0 1
25 15.546 -36.273 1.0 17.0 320 343.2 366.5 389.8 413 1 4 0 1 0 0 0 0 0 0 0 0
26 12.842 5.127 10.0 19.0 473 512.5 552 591.5 631 1 41 0 0 0 0 1 0 0 1 1 0
27 -48.45 -24.426 15.0 25.0 242 286.5 331 375.5 420 0 13 0 0 0 0 0 0 0 0 0 0
28 -88.538 -10.461 1.0 25.0 445 468.5 492 515.5 539 1 60 0 0 0 0 0 0 0 1 0 0
29 -29.773 0.995 2.0 6.0 105 133 161 189 217 0 21 0 1 1 1 1 0 0 0 0 0
30 9.827 38.416 9.0 21.0 193 234.5 276 317.5 359 0 19 0 0 0 0 1 0 0 0 0 0
31 1.41 92.938 10.0 3.0 292 316 340 364 388 1 34 0 0 0 1 0 0 0 1 1 0
32 -79.303 15.381 2.0 19.0 287 325 363 401 439 1 27 1 1 0 0 1 1 1 0 1 0
33 -30.652 40.063 23.0 16.0 285 319.2 353.5 387.8 422 1 5 0 0 0 0 0 0 0 0 0 0
34 18.927 21.637 15.0 21.0 409 446 483 520 557 1 68 0 0 0 0 0 0 1 0 1 0
35 45.087 -59.906 13.0 17.0 417 457.8 498.5 539.2 580 1 58 0 0 0 0 0 1 0 0 1 0
36 -34.949 -3.815 16.0 19.0 290 324.5 359 393.5 428 0 89 1 0 0 0 0 0 0 0 0 0
37 81.201 -74.744 21.0 6.0 169 201.5 234 266.5 299 1 69 0 0 0 0 0 1 0 0 1 0
38 15.594 -28.455 1.0 10.0 145 171.5 198 224.5 251 0 90 0 0 0 1 0 0 0 0 0 1
39 -72.192 29.547 18.0 22.0 147 170.5 194 217.5 241 1 30 0 1 0 0 0 1 0 0 0 0
40 -42.914 -22.675 17.0 17.0 87 112.5 138 163.5 189 1 72 0 0 0 1 0 0 0 0 0 0
41 -76.392 -57.489 13.0 16.0 362 400.5 439 477.5 516 1 18 0 0 0 0 0 1 0 0 0 1
42 -28.54 12.073 5.0 5.0 273 306.5 340 373.5 407 1 53 0 0 0 0 0 0 0 0 0 0
43 -61.389 26.526 23.0 1.0 279 316.5 354 391.5 429 1 7 0 1 0 0 0 0 1 0 1 1
44 -8.472 12.616 20.0 21.0 418 450.2 482.5 514.8 547 0 48 0 0 0 0 0 0 0 0 0 1
45 -61.475 33.392 1.0 20.0 388 414.5 441 467.5 494 0 30 0 0 0 0 0 1 0 1 0 0
46 -34.674 -27.588 2.0 6.0 442 467.5 493 518.5 544 1 89 0 0 0 1 0 0 0 0 1 0
47 10.315 -12.518 15.0 1.0 269 301 333 365 397 1 79 1 0 1 0 0 0 0 0 0 0
48 -83.014 77.002 20.0 11.0 451 482.8 514.5 546.2 578 1 67 0 0 0 1 0 0 1 1 0 1
49 -40.417 49.988 9.0 22.0 463 492.8 522.5 552.2 582 1 46 1 0 0 1 0 0 0 0 1 0
50 83.832 33.905 13.0 25.0 152 176.2 200.5 224.8 249 1 31 0 0 1 1 1 1 0 0 0 0
51 -20.563 -75.83 4.0 18.0 182 204.5 227 249.5 272 1 35 1 0 1 0 0 0 0 0 0 0
52 15.442 -18.719 15.0 9.0 91 117 143 169 195 1 4 0 0 0 0 0 1 0 0 0 0
53 -59.937 -65.802 5.0 23.0 269 313.5 358 402.5 447 0 0 1 1 0 0 0 0 1 0 0 0
54 5.151 47.815 8.0 17.0 198 242.2 286.5 330.8 375 1 53 0 0 0 0 0 1 0 1 0 0
55 46.008 14.99 19.0 4.0 76 110.2 144.5 178.8 213 1 74 0 0 0 1 1 0 0 0 1 0
56 82.977 -1.66 16.0 1.0 134 164 194 224 254 1 58 1 0 1 0 0 1 0 0 0 0
57 39.893 -38.916 11.0 14.0 201 235.5 270 304.5 339 0 78 1 0 0 0 1 0 1 0 0 0
58 90.839 -83.539 23.0 11.0 274 313.5 353 392.5 432 1 46 0 1 1 0 0 0 0 0 1 0
59 7.068 0.067 14.0 7.0 167 197.2 227.5 257.8 288 1 0 0 0 0 1 0 0 1 0 1 0
60 18.958 40.088 24.0 21.0 270 314.5 359 403.5 448 0 74 1 0 0 0 0 1 0 0 0 1
61 -80.487 58.209 5.0 3.0 460 493.8 527.5 561.2 595 1 44 1 0 1 0 0 0 0 1 0 1
62 64.459 -62.946 5.0 18.0 318 356.2 394.5 432.8 471 1 93 0 1 0 0 0 0 0 0 0 0
63 -43.616 -26.117 23.0 5.0 111 141.8 172.5 203.2 234 1 56 0 0 0 0 0 1 0 1 0 0
64 -18.408 10.303 3.0 6.0 400 439.5 479 518.5 558 1 89 0 1 0 0 0 0 0 1 0 0
65 -43.921 63.251 10.0 22.0 91 121.8 152.5 183.2 214 0 44 0 0 0 0 1 0 0 0 0 0
66 11.353 26.221 23.0 13.0 109 149 189 229 269 1 61 1 0 0 0 0 0 0 0 0 0
67 -6.995 38.239 23.0 17.0 324 360 396 432 468 1 32 0 0 1 1 0 0 0 0 0 0
68 74.084 -34.216 20.0 5.0 203 236 269 302 335 1 16 1 1 0 0 0 0 0 0 1 0
69 14.301 -0.8 5.0 7.0 176 219.5 263 306.5 350 1 36 1 0 0 0 0 0 0 1 0 0
70 -94.141 -48.779 14.0 1.0 86 118.5 151 183.5 216 1 67 0 1 0 0 0 0 0 0 0 0
71 15.332 -42.169 1.0 3.0 315 340.2 365.5 390.8 416 1 43 0 0 0 0 0 0 0 1 0 0
72 -46.637 -16.461 10.0 10.0 355 378.2 401.5 424.8 448 1 35 0 0 0 0 0 0 0 1 0 0
73 -0.958 -81.0 3.0 5.0 243 287.8 332.5 377.2 422 1 58 0 0 0 0 1 0 0 0 0 0
74 -37.445 -42.505 4.0 1.0 420 459.2 498.5 537.8 577 1 18 0 1 0 0 0 0 0 0 1 0
75 -3.68 -69.073 23.0 17.0 324 357.2 390.5 423.8 457 1 46 0 0 0 0 0 1 0 0 0 0
76 34.894 -20.898 21.0 14.0 311 352 393 434 475 1 29 0 0 0 0 1 0 0 0 1 0
77 45.544 51.41 3.0 4.0 92 122 152 182 212 1 64 0 0 1 0 0 0 0 0 0 1
78 -31.927 88.239 21.0 10.0 470 511.2 552.5 593.8 635 0 51 1 0 1 0 0 1 0 0 0 0
79 -13.58 -26.959 25.0 25.0 390 421.2 452.5 483.8 515 0 28 1 0 1 0 0 0 1 0 0 0
80 12.653 -48.34 5.0 11.0 253 283 313 343 373 1 34 0 0 0 0 1 0 0 0 0 0
81 -46.179 -38.269 11.0 16.0 304 330.8 357.5 384.2 411 1 77 0 0 0 0 0 0 0 0 1 0
82 -29.62 35.083 10.0 25.0 269 311.2 353.5 395.8 438 1 84 0 0 1 0 0 0 0 0 0 0
83 13.696 43.988 5.0 20.0 204 245.5 287 328.5 370 0 87 0 0 0 0 0 0 0 0 0 0
84 38.342 -46.338 3.0 3.0 456 484.8 513.5 542.2 571 1 54 1 0 1 0 1 1 0 0 0 0
85 -26.227 24.506 13.0 7.0 182 204.8 227.5 250.2 273 1 29 0 0 0 0 1 1 0 0 0 0
86 90.009 -43.64 19.0 2.0 293 322.8 352.5 382.2 412 1 30 0 0 0 0 0 1 0 1 0 0
87 -6.995 22.522 13.0 6.0 170 206.8 243.5 280.2 317 1 61 0 0 1 0 0 0 0 0 1 0
88 -29.993 -28.851 8.0 14.0 183 206.2 229.5 252.8 276 1 82 0 0 0 0 0 0 1 0 1 0
89 -56.268 -64.74 13.0 14.0 251 288.2 325.5 362.8 400 1 93 0 0 0 0 1 0 0 0 0 0
90 -87.415 90.796 15.0 2.0 325 358.8 392.5 426.2 460 1 39 0 1 0 0 1 0 0 0 0 0
91 -5.762 54.034 10.0 15.0 315 340.2 365.5 390.8 416 1 55 0 0 1 0 0 0 0 1 0 1
92 -34.845 -27.185 4.0 22.0 310 342.8 375.5 408.2 441 0 58 0 0 0 0 0 0 1 0 1 0
93 -16.479 16.18 23.0 4.0 95 137.8 180.5 223.2 266 1 19 1 1 1 0 0 1 0 0 0 1
94 23.712 29.492 23.0 22.0 378 415 452 489 526 1 71 0 0 0 0 0 0 1 1 0 0
95 -40.991 46.594 14.0 19.0 406 440.8 475.5 510.2 545 0 98 1 0 0 0 0 0 0 0 0 0
96 -53.516 -21.619 20.0 5.0 436 460.8 485.5 510.2 535 1 18 0 0 0 0 0 0 0 0 0 0
97 -17.56 37.494 3.0 10.0 334 365.8 397.5 429.2 461 1 13 1 0 0 0 1 0 1 1 1 0
98 -37.311 56.836 5.0 4.0 292 321.8 351.5 381.2 411 1 0 0 0 1 0 0 0 1 0 1 0
99 71.515 22.51 16.0 7.0 430 466.2 502.5 538.8 575 1 7 0 0 0 0 0 0 0 0 1 0
100 -41.864 27.71 21.0 11.0 141 180.5 220 259.5 299 1 51 0 0 0 0 0 0 0 1 0 1
101 14.819 -82.117 4.0 14.0 355 399.2 443.5 487.8 532 1 68 0 0 0 0 0 0 0 0 0 0
102 30.316 -55.322 2.0 2.0 135 160.8 186.5 212.2 238 1 49 1 0 0 0 0 0 0 0 0 0
103 -39.172 47.998 11.0 12.0 193 225 257 289 321 1 77 0 0 0 0 0 0 1 0 0 1
104 -94.415 15.192 15.0 12.0 192 224.5 257 289.5 322 1 13 0 0 1 1 0 0 0 0 1 0
105 -7.806 11.273 16.0 24.0 185 211.5 238 264.5 291 1 97 1 0 0 1 0 1 0 0 0 0
106 28.571 -49.908 3.0 8.0 115 157.8 200.5 243.2 286 1 8 0 1 0 0 0 0 0 0 0 0
107 -20.654 24.554 21.0 4.0 111 154.2 197.5 240.8 284 1 51 0 0 1 0 0 0 0 0 0 0
108 -30.963 -18.903 21.0 25.0 339 377.5 416 454.5 493 0 90 0 0 0 0 0 0 1 1 0 0
109 1.721 -20.447 25.0 6.0 214 248.2 282.5 316.8 351 1 19 0 0 1 0 1 0 1 0 0 0
110 -31.012 -21.106 12.0 9.0 452 477.2 502.5 527.8 553 0 62 1 0 1 1 0 1 0 0 0 0
111 -85.718 -28.015 21.0 23.0 282 316.2 350.5 384.8 419 0 39 0 0 0 0 0 0 0 0 1 0
112 58.826 -63.043 6.0 15.0 412 442 472 502 532 1 38 1 0 0 0 0 0 0 0 0 1
113 -15.753 -52.686 2.0 7.0 447 486 525 564 603 1 97 0 0 0 0 0 0 0 1 0 0
114 -71.661 51.184 24.0 6.0 350 393.5 437 480.5 524 1 32 0 0 0 0 0 0 0 0 0 0
115 -92.633 -6.598 21.0 5.0 337 366.8 396.5 426.2 456 1 75 0 0 0 0 0 1 0 0 1 1
116 33.508 -49.255 24.0 12.0 110 141.2 172.5 203.8 235 0 43 0 0 1 0 1 1 1 1 1 0
117 59.314 54.095 11.0 3.0 119 156.2 193.5 230.8 268 1 68 0 0 0 0 0 0 0 0 1 0
118 30.737 -28.436 12.0 22.0 280 309 338 367 396 1 5 1 0 0 0 0 0 0 0 0 0
119 -55.896 18.457 22.0 18.0 82 115 148 181 214 0 83 0 0 0 1 0 0 0 0 0 0
120 -89.96 -39.532 19.0 16.0 418 457 496 535 574 1 37 0 0 0 0 0 1 1 1 1 0
121 36.438 20.819 8.0 5.0 201 230.8 260.5 290.2 320 1 56 0 1 0 0 0 0 0 1 0 1
122 -53.674 -56.427 9.0 1.0 429 466.8 504.5 542.2 580 1 87 0 1 1 0 0 0 0 0 1 0
123 -31.866 32.538 10.0 8.0 90 115 140 165 190 1 63 0 0 1 1 0 0 1 1 0 0
124 5.658 12.756 5.0 20.0 353 392.5 432 471.5 511 1 34 0 0 0 0 0 0 0 0 0 0
125 -52.905 42.804 14.0 17.0 394 429.8 465.5 501.2 537 1 0 0 1 0 0 0 0 1 0 0 0
126 47.131 -45.465 7.0 11.0 358 382.2 406.5 430.8 455 1 57 0 0 0 0 0 1 1 0 0 0
127 30.792 9.869 5.0 8.0 131 166.8 202.5 238.2 274 1 99 0 0 0 0 0 0 0 1 0 0
128 -45.209 -56.293 22.0 15.0 369 406.8 444.5 482.2 520 0 35 0 0 0 0 1 0 0 0 0 1
129 10.919 13.306 5.0 16.0 270 314.8 359.5 404.2 449 0 68 0 0 1 0 1 0 0 0 0 0
130 -32.99 -34.003 1.0 6.0 287 317.2 347.5 377.8 408 1 90 1 1 0 0 0 0 0 0 0 1
131 -40.869 30.579 9.0 24.0 85 108 131 154 177 1 9 0 0 0 0 1 0 0 0 0 1
132 -69.348 80.408 16.0 10.0 258 281.5 305 328.5 352 1 78 0 0 0 0 0 0 0 0 0 1
133 -58.966 -29.541 14.0 4.0 356 379.5 403 426.5 450 1 15 0 0 0 0 0 0 1 0 0 0
134 -36.847 -33.71 21.0 10.0 226 249 272 295 318 1 32 0 0 1 0 0 0 1 0 1 0
135 -21.82 65.369 8.0 17.0 363 392.8 422.5 452.2 482 1 84 0 1 1 0 0 0 1 0 0 1
136 22.98 -41.01 7.0 5.0 359 397.2 435.5 473.8 512 1 32 0 1 0 0 0 0 0 0 0 0
137 -77.557 59.814 24.0 14.0 232 276 320 364 408 1 50 1 0 0 0 0 0 0 0 0 0
138 -47.205 67.725 24.0 16.0 315 346.8 378.5 410.2 442 1 67 0 1 0 0 0 1 0 0 0 0
139 -21.606 35.168 16.0 11.0 196 230.8 265.5 300.2 335 1 87 0 0 1 0 0 0 0 0 0 0
140 -55.676 -31.384 4.0 25.0 187 212.2 237.5 262.8 288 1 93 0 0 0 0 1 0 0 0 0 0
141 -85.229 88.788 7.0 4.0 354 390.5 427 463.5 500 1 88 1 0 1 0 0 1 0 1 1 0
142 -3.918 -63.525 13.0 12.0 270 296 322 348 374 1 0 1 0 0 0 0 0 0 0 0 0
143 -58.557 59.375 25.0 19.0 474 509.8 545.5 581.2 617 1 0 0 1 0 0 0 1 1 0 0 0
144 -24.542 14.935 10.0 6.0 375 400.2 425.5 450.8 476 1 28 0 0 1 0 0 0 1 0 1 0
145 -48.779 16.968 24.0 23.0 464 487.8 511.5 535.2 559 1 92 0 0 0 0 0 1 0 0 0 0
