4 72 2855 13 14 12 13 18 12 14 12 10 5
0 10.629 9.326 0.0 0.0 0 1000
2 -92.7 -59.18 8.0 20.0 397 440.5 484 527.5 571 1 38 0 0 0 0 0 0 0 0 1 1
3 71.179 12.543 15.0 6.0 110 144.8 179.5 214.2 249 1 80 0 0 1 1 1 0 0 1 0 1
4 31.537 66.638 20.0 19.0 301 338 375 412 449 0 20 0 0 0 0 0 0 1 0 0 0
5 -4.694 25.537 7.0 10.0 209 233.2 257.5 281.8 306 0 96 0 0 0 0 1 1 0 0 0 0
6 -30.194 67.773 13.0 18.0 223 263 303 343 383 1 73 0 0 0 0 0 0 1 0 0 1
7 12.677 -57.471 6.0 1.0 286 320.8 355.5 390.2 425 1 77 0 0 0 1 0 0 0 0 0 0
8 -32.355 -20.966 5.0 15.0 106 131.2 156.5 181.8 207 1 71 0 0 0 1 0 1 0 0 0 0
9 19.91 48.975 1.0 23.0 426 463 500 537 574 1 98 0 0 0 0 0 1 0 0 1 0
10 13.202 -19.135 12.0 13.0 147 190.5 234 277.5 321 0 4 0 1 0 0 1 1 0 0 0 0
11 54.877 -41.168 18.0 12.0 296 321.5 347 372.5 398 0 32 0 0 0 0 1 0 0 1 1 0
12 15.063 -25.171 25.0 7.0 247 287.5 328 368.5 409 1 10 0 0 0 0 0 0 0 0 1 0
13 -50.598 -16.418 14.0 25.0 77 109 141 173 205 1 87 1 0 0 0 0 0 1 0 0 0
14 -29.73 17.078 18.0 5.0 370 403.5 437 470.5 504 1 70 0 1 0 0 0 0 0 0 0 0
15 17.542 1.575 13.0 1.0 269 296.8 324.5 352.2 380 1 88 0 0 0 0 0 1 0 1 0 0
16 11.127 77.216 6.0 25.0 402 438 474 510 546 0 16 0 0 0 0 1 0 1 0 0 0
17 33.752 71.259 14.0 10.0 81 121 161 201 241 0 14 0 0 0 0 0 1 0 0 1 0
18 -56.012 -10.394 10.0 2.0 370 399 428 457 486 1 16 0 0 0 0 0 0 1 0 1 0
19 57.874 -16.29 18.0 7.0 237 264.8 292.5 320.2 348 1 61 0 0 0 0 0 0 0 0 0 0
20 10.718 -18.787 8.0 11.0 455 492.2 529.5 566.8 604 1 89 0 1 0 1 0 0 0 0 0 1
21 53.088 -18.75 6.0 4.0 244 272.2 300.5 328.8 357 0 45 0 0 0 0 0 0 0 1 0 0
22 1.569 7.532 2.0 6.0 385 409.8 434.5 459.2 484 0 32 1 1 1 0 0 0 0 0 0 0
23 31.531 48.944 4.0 15.0 146 174.8 203.5 232.2 261 0 48 0 0 1 1 0 0 0 0 1 0
24 -66.833 -37.854 4.0 7.0 175 207 239 271 303 1 10 0 1 0 0 1 0 0 0 0 0
25 -70.74 62.244 23.0 8.0 191 218 245 272 299 1 46 0 1 0 0 1 0 1 0 1 0
26 32.538 23.096 12.0 10.0 120 157.2 194.5 231.8 269 0 72 0 1 1 0 0 1 1 0 0 0
27 -51.453 -36.444 24.0 9.0 435 466.5 498 529.5 561 0 72 0 0 1 0 1 0 0 0 0 0
28 36.456 -22.638 17.0 4.0 311 349 387 425 463 1 75 0 1 0 0 1 0 1 1 0 0
29 -31.207 43.494 18.0 6.0 442 474.2 506.5 538.8 571 1 48 0 0 0 0 1 0 0 1 0 0
30 -10.388 34.491 25.0 22.0 129 164.5 200 235.5 271 1 88 1 0 0 0 0 0 0 0 0 0
31 14.722 -10.834 22.0 17.0 256 291.8 327.5 363.2 399 1 25 1 1 0 0 0 0 1 1 1 0
32 47.095 -21.387 10.0 9.0 60 92.8 125.5 158.2 191 1 69 0 1 0 0 0 0 1 0 1 0
33 43.781 34.766 25.0 25.0 291 327.8 364.5 401.2 438 1 70 0 0 0 0 0 1 0 1 0 0
34 53.546 -67.487 21.0 10.0 418 445.8 473.5 501.2 529 1 62 0 0 0 0 0 0 0 0 0 0
35 26.801 46.515 21.0 18.0 472 509.5 547 584.5 622 0 48 0 0 0 0 0 0 0 0 0 0
36 63.385 11.981 16.0 21.0 161 198.8 236.5 274.2 312 1 37 1 0 1 0 0 0 0 0 0 0
37 47.192 -5.475 23.0 10.0 466 505.5 545 584.5 624 0 4 0 0 0 1 0 0 0 1 1 1
38 -16.315 -11.267 21.0 23.0 462 492.5 523 553.5 584 0 47 0 0 1 0 0 1 0 0 0 0
39 78.9 17.651 15.0 23.0 92 116 140 164 188 0 55 0 0 0 0 0 0 0 0 1 0
40 79.822 22.272 7.0 11.0 259 300.8 342.5 384.2 426 1 72 0 0 1 1 1 0 0 0 0 0
41 12.878 16.919 20.0 1.0 477 504 531 558 585 1 30 0 0 0 1 0 0 0 0 0 0
42 -67.981 -3.754 6.0 23.0 217 255 293 331 369 1 62 0 1 1 0 0 1 0 0 0 0
43 9.198 -18.597 16.0 16.0 423 456.2 489.5 522.8 556 1 43 0 0 0 0 0 0 0 0 0 0
44 -35.95 -19.141 10.0 10.0 210 245.2 280.5 315.8 351 0 98 0 0 0 0 0 0 0 0 0 0
45 28.766 45.276 7.0 12.0 330 372.5 415 457.5 500 0 23 0 0 0 1 0 0 0 0 0 0
46 11.469 68.231 20.0 12.0 461 490.2 519.5 548.8 578 1 96 1 1 0 1 1 0 1 0 0 0
47 -22.76 45.496 9.0 3.0 141 172.5 204 235.5 267 1 92 0 0 0 0 1 0 0 1 0 0
48 -65.674 -23.12 12.0 22.0 282 323.5 365 406.5 448 1 46 0 0 1 0 0 0 0 1 0 0
49 7.239 1.599 10.0 21.0 299 328.2 357.5 386.8 416 0 74 0 0 0 1 0 0 0 0 1 0
50 -29.785 -11.285 19.0 13.0 335 357.8 380.5 403.2 426 0 50 0 0 0 0 0 1 0 0 0 0
51 -89.05 16.211 6.0 15.0 176 209.8 243.5 277.2 311 1 24 1 0 0 0 0 0 1 0 0 0
52 -46.887 -3.363 14.0 13.0 257 287.5 318 348.5 379 0 68 1 0 0 1 1 0 1 0 0 0
53 -14.972 30.621 23.0 20.0 425 452.2 479.5 506.8 534 1 15 0 0 1 0 0 0 1 1 0 0
54 -17.035 49.774 8.0 10.0 99 132.8 166.5 200.2 234 1 36 0 0 0 0 0 0 0 0 0 0
55 31.635 53.619 10.0 25.0 360 403.8 447.5 491.2 535 1 24 0 0 0 0 0 1 0 1 0 0
56 -3.577 13.342 14.0 7.0 363 399.8 436.5 473.2 510 1 58 0 0 0 0 0 0 0 0 0 0
57 33.008 58.96 3.0 15.0 186 219.5 253 286.5 320 1 41 0 1 0 0 1 1 0 0 0 0
58 -92.95 63.263 25.0 2.0 253 284.5 316 347.5 379 1 93 1 0 0 0 0 0 1 0 1 0
59 -9.137 -22.931 21.0 23.0 428 462.2 496.5 530.8 565 0 24 1 0 0 0 0 0 1 0 0 0
60 -39.96 6.195 5.0 5.0 275 319 363 407 451 1 69 0 0 0 0 0 0 0 0 0 0
61 28.43 -19.214 2.0 25.0 414 451.5 489 526.5 564 0 36 1 0 0 0 0 0 0 0 0 0
62 -28.54 -3.485 3.0 9.0 402 429.2 456.5 483.8 511 1 25 0 0 0 0 1 0 1 0 0 0
63 31.415 36.859 21.0 2.0 337 374.2 411.5 448.8 486 1 6 0 0 0 0 0 0 1 0 0 1
64 -49.426 60.602 1.0 24.0 359 388.2 417.5 446.8 476 1 12 0 0 0 0 0 0 1 0 0 0
65 -72.827 -27.765 25.0 13.0 338 368.8 399.5 430.2 461 1 44 1 1 1 0 0 0 0 1 0 0
66 60.083 -45.905 21.0 20.0 375 400.2 425.5 450.8 476 0 47 1 0 1 0 0 0 0 1 0 0
67 10.87 -3.9 21.0 13.0 324 354.2 384.5 414.8 445 0 63 0 1 0 0 0 0 0 0 1 0
68 25.122 7.672 25.0 15.0 147 170.8 194.5 218.2 242 0 19 1 1 0 0 0 0 0 0 0 0
69 -46.997 -17.474 14.0 4.0 234 272 310 348 386 1 61 0 1 0 1 1 0 0 0 0 0
70 16.058 33.02 20.0 20.0 244 282.2 320.5 358.8 397 0 90 0 0 0 0 1 0 0 0 0 0
71 25.409 -11.7 14.0 8.0 282 324.8 367.5 410.2 453 0 82 0 0 0 1 1 0 0 0 0 0
72 68.323 -5.145 11.0 19.0 324 361.2 398.5 435.8 473 1 53 1 1 0 0 1 0 0 0 0 0
73 -13.104 62.158 25.0 20.0 465 496.8 528.5 560.2 592 1 89 0 0 0 0 1 0 0 1 0 1
